1 517 
2 517 
3 518 
4 518 
5 518 
6 517 
7 518 
8 518 
9 518 
10 517 
11 518 
12 517 
13 517 
14 517 
15 517 
16 517 
17 517 
18 517 
19 517 
20 517 
21 518 
22 518 
23 517 
24 517 
25 517 
26 517 
27 518 
28 517 
29 517 
30 518 
31 517 
32 518 
33 518 
34 518 
35 517 
36 517 
37 518 
38 517 
39 518 
40 518 
41 518 
42 518 
43 517 
44 517 
45 517 
46 517 
47 517 
48 518 
49 517 
50 517 
51 517 
52 517 
53 517 
54 517 
55 517 
56 517 
57 517 
58 518 
59 518 
60 518 
61 517 
62 517 
63 517 
64 518 
65 517 
66 518 
67 517 
68 518 
69 518 
70 517 
71 518 
72 518 
73 518 
74 517 
75 518 
76 518 
77 518 
78 518 
79 518 
80 517 
81 518 
82 517 
83 517 
84 518 
85 517 
86 517 
87 517 
88 517 
89 517 
90 518 
91 518 
92 518 
93 517 
94 517 
95 518 
96 518 
97 517 
98 517 
99 517 
100 517 
101 518 
102 518 
103 517 
104 519 
105 518 
106 518 
107 517 
108 517 
109 518 
110 517 
111 517 
112 518 
113 517 
114 517 
115 518 
116 518 
117 517 
118 518 
119 517 
120 517 
121 518 
122 518 
123 517 
124 518 
125 518 
126 517 
127 518 
128 518 
129 517 
130 517 
131 518 
132 517 
133 517 
134 517 
135 517 
136 517 
137 517 
138 518 
139 517 
140 518 
141 518 
142 517 
143 517 
144 517 
145 517 
146 518 
147 517 
148 517 
149 518 
150 517 
151 518 
152 517 
153 518 
154 517 
155 518 
156 517 
157 517 
158 517 
159 517 
160 518 
161 518 
162 517 
163 517 
164 518 
165 517 
166 517 
167 518 
168 518 
169 517 
170 518 
171 517 
172 518 
173 517 
174 518 
175 517 
176 518 
177 517 
178 517 
179 518 
180 517 
181 518 
182 518 
183 518 
184 518 
185 518 
186 518 
187 517 
188 517 
189 518 
190 518 
191 517 
192 517 
193 518 
194 517 
195 518 
196 517 
197 518 
198 517 
199 518 
200 518 
201 517 
202 517 
203 518 
204 517 
205 517 
206 517 
207 518 
208 518 
209 517 
210 518 
211 517 
212 518 
213 518 
214 518 
215 518 
216 518 
217 518 
218 517 
219 518 
220 517 
221 517 
222 517 
223 517 
224 518 
225 518 
226 517 
227 517 
228 517 
229 518 
230 518 
231 518 
232 517 
233 517 
234 517 
235 517 
236 517 
237 518 
238 518 
239 518 
240 518 
241 518 
242 517 
243 517 
244 517 
245 517 
246 517 
247 517 
248 517 
249 517 
250 518 
251 518 
252 517 
253 517 
254 517 
255 517 
256 518 
257 517 
258 518 
259 518 
260 518 
261 517 
262 517 
263 518 
264 518 
265 518 
266 518 
267 518 
268 517 
269 518 
270 517 
271 518 
272 517 
273 517 
274 518 
275 518 
276 518 
277 517 
278 518 
279 517 
280 518 
281 517 
282 517 
283 518 
284 517 
285 518 
286 517 
287 517 
288 517 
289 518 
290 518 
291 518 
292 518 
293 517 
294 517 
295 518 
296 517 
297 517 
298 518 
299 518 
300 517 
301 518 
302 518 
303 517 
304 518 
305 518 
306 518 
307 518 
308 518 
309 518 
310 518 
311 518 
312 518 
313 517 
314 518 
315 517 
316 518 
317 517 
318 518 
319 517 
320 517 
321 518 
322 518 
323 518 
324 517 
325 517 
326 517 
327 518 
328 517 
329 518 
330 518 
331 518 
332 517 
333 518 
334 517 
335 517 
336 517 
337 517 
338 518 
339 517 
340 517 
341 518 
342 517 
343 517 
344 517 
345 517 
346 517 
347 518 
348 518 
349 517 
350 517 
351 517 
352 517 
353 517 
354 518 
355 517 
356 518 
357 517 
358 518 
359 517 
360 518 
361 517 
362 517 
363 518 
364 518 
365 517 
366 518 
367 517 
368 517 
369 517 
370 518 
371 517 
372 518 
373 517 
374 517 
375 518 
376 517 
377 517 
378 517 
379 517 
380 517 
381 517 
382 518 
383 517 
384 517 
385 517 
386 517 
387 518 
388 517 
389 518 
390 517 
391 518 
392 517 
393 517 
394 518 
395 518 
396 517 
397 517 
398 518 
399 517 
400 517 
401 517 
402 517 
403 517 
404 517 
405 517 
406 517 
407 518 
408 517 
409 518 
410 517 
411 517 
412 518 
413 517 
414 517 
415 517 
416 518 
417 517 
418 518 
419 518 
420 518 
421 517 
422 517 
423 518 
424 518 
425 517 
426 518 
427 518 
428 518 
429 517 
430 517 
431 517 
432 518 
433 517 
434 518 
435 518 
436 518 
437 517 
438 517 
439 518 
440 518 
441 518 
442 517 
443 518 
444 517 
445 517 
446 517 
447 518 
448 517 
449 517 
450 518 
451 518 
452 517 
453 517 
454 517 
455 517 
456 518 
457 518 
458 518 
459 518 
460 518 
461 517 
462 517 
463 518 
464 517 
465 518 
466 518 
467 518 
468 517 
469 517 
470 518 
471 517 
472 517 
473 518 
474 518 
475 518 
476 517 
477 518 
478 517 
479 518 
480 518 
481 518 
482 518 
483 518 
484 518 
485 518 
486 517 
487 518 
488 517 
489 518 
490 518 
491 517 
492 518 
493 518 
494 517 
495 518 
496 517 
497 518 
498 518 
499 517 
500 517 
