1 653 
2 653 
3 653 
4 653 
5 653 
6 653 
7 653 
8 654 
9 653 
10 654 
11 654 
12 653 
13 654 
14 653 
15 654 
16 654 
17 654 
18 654 
19 654 
20 653 
21 653 
22 653 
23 654 
24 653 
25 653 
26 654 
27 653 
28 654 
29 654 
30 653 
31 653 
32 654 
33 654 
34 654 
35 653 
36 653 
37 653 
38 654 
39 653 
40 653 
41 653 
42 653 
43 654 
44 654 
45 654 
46 654 
47 654 
48 654 
49 653 
50 654 
51 654 
52 653 
53 654 
54 654 
55 653 
56 653 
57 653 
58 654 
59 653 
60 653 
61 654 
62 654 
63 653 
64 654 
65 654 
66 654 
67 653 
68 653 
69 653 
70 654 
71 654 
72 654 
73 653 
74 654 
75 654 
76 653 
77 654 
78 654 
79 654 
80 654 
81 653 
82 653 
83 654 
84 653 
85 654 
86 653 
87 653 
88 654 
89 654 
90 653 
91 653 
92 654 
93 654 
94 654 
95 653 
96 653 
97 653 
98 653 
99 653 
100 653 
101 654 
102 653 
103 654 
104 654 
105 653 
106 654 
107 653 
108 654 
109 654 
110 654 
111 654 
112 653 
113 654 
114 653 
115 653 
116 654 
117 653 
118 654 
119 654 
120 653 
121 654 
122 654 
123 653 
124 653 
125 653 
126 654 
127 653 
128 653 
129 653 
130 653 
131 653 
132 653 
133 653 
134 654 
135 653 
136 654 
137 653 
138 654 
139 653 
140 654 
141 654 
142 653 
143 653 
144 653 
145 653 
146 653 
147 653 
148 654 
149 654 
150 654 
151 654 
152 654 
153 654 
154 654 
155 653 
156 653 
157 654 
158 653 
159 654 
160 653 
161 653 
162 654 
163 653 
164 653 
165 654 
166 653 
167 654 
168 653 
169 653 
170 654 
171 653 
172 653 
173 654 
174 654 
175 654 
176 654 
177 653 
178 654 
179 653 
180 653 
181 653 
182 653 
183 654 
184 653 
185 653 
186 653 
187 654 
188 653 
189 654 
190 653 
191 654 
192 654 
193 653 
194 654 
195 653 
196 653 
197 654 
198 653 
199 653 
200 653 
201 654 
202 654 
203 653 
204 655 
205 654 
206 654 
207 653 
208 654 
209 654 
210 654 
211 654 
212 653 
213 654 
214 654 
215 653 
216 653 
217 654 
218 654 
219 654 
220 653 
221 654 
222 653 
223 654 
224 653 
225 653 
226 654 
227 653 
228 654 
229 653 
230 653 
231 654 
232 653 
233 654 
234 654 
235 653 
236 654 
237 654 
238 654 
239 653 
240 653 
241 653 
242 654 
243 653 
244 654 
245 654 
246 654 
247 653 
248 653 
249 654 
250 654 
251 653 
252 654 
253 654 
254 653 
255 654 
256 654 
257 653 
258 653 
259 653 
260 654 
261 653 
262 653 
263 653 
264 654 
265 654 
266 654 
267 654 
268 654 
269 654 
270 654 
271 653 
272 654 
273 653 
274 653 
275 653 
276 654 
277 653 
278 654 
279 653 
280 653 
281 653 
282 654 
283 653 
284 654 
285 653 
286 653 
287 654 
288 653 
289 653 
290 653 
291 653 
292 654 
293 653 
294 653 
295 653 
296 654 
297 653 
298 654 
299 653 
300 654 
301 654 
302 653 
303 654 
304 653 
305 653 
306 653 
307 653 
308 654 
309 654 
310 653 
311 653 
312 653 
313 654 
314 654 
315 653 
316 653 
317 653 
318 653 
319 653 
320 654 
321 653 
322 654 
323 654 
324 654 
325 653 
326 654 
327 653 
328 654 
329 653 
330 654 
331 654 
332 653 
333 653 
334 653 
335 653 
336 653 
337 654 
338 654 
339 653 
340 654 
341 653 
342 654 
343 653 
344 654 
345 654 
346 653 
347 654 
348 654 
349 654 
350 654 
351 654 
352 653 
353 654 
354 654 
355 654 
356 653 
357 654 
358 653 
359 653 
360 653 
361 654 
362 653 
363 654 
364 654 
365 653 
366 654 
367 653 
368 653 
369 654 
370 654 
371 653 
372 654 
373 653 
374 653 
375 654 
376 653 
377 654 
378 653 
379 654 
380 654 
381 653 
382 654 
383 653 
384 654 
385 654 
386 654 
387 653 
388 654 
389 653 
390 653 
391 654 
392 653 
393 653 
394 653 
395 653 
396 653 
397 654 
398 653 
399 653 
400 653 
401 654 
402 653 
403 653 
404 654 
405 654 
406 653 
407 654 
408 653 
409 653 
410 653 
411 654 
412 654 
413 654 
414 654 
415 654 
416 653 
417 654 
418 653 
419 653 
420 653 
421 654 
422 654 
423 654 
424 653 
425 653 
426 653 
427 653 
428 654 
429 654 
430 654 
431 654 
432 654 
433 653 
434 653 
435 654 
436 654 
437 654 
438 653 
439 654 
440 653 
441 653 
442 653 
443 653 
444 654 
445 654 
446 653 
447 654 
448 654 
449 653 
450 653 
451 654 
452 653 
453 654 
454 653 
455 653 
456 653 
457 653 
458 653 
459 653 
460 653 
461 653 
462 653 
463 654 
464 653 
465 653 
466 654 
467 654 
468 653 
469 653 
470 654 
471 654 
472 653 
473 654 
474 653 
475 653 
476 654 
477 654 
478 653 
479 653 
480 653 
481 653 
482 653 
483 654 
484 654 
485 654 
486 654 
487 653 
488 654 
489 654 
490 654 
491 654 
492 654 
493 653 
494 653 
495 653 
496 654 
497 653 
498 653 
499 654 
500 654 
