1 783 
2 783 
3 784 
4 783 
5 783 
6 784 
7 783 
8 784 
9 783 
10 783 
11 784 
12 783 
13 783 
14 783 
15 783 
16 783 
17 783 
18 784 
19 784 
20 783 
21 784 
22 783 
23 783 
24 783 
25 783 
26 783 
27 783 
28 783 
29 783 
30 783 
31 783 
32 783 
33 783 
34 784 
35 783 
36 783 
37 783 
38 783 
39 783 
40 783 
41 783 
42 783 
43 784 
44 783 
45 783 
46 783 
47 783 
48 783 
49 783 
50 784 
51 784 
52 783 
53 783 
54 783 
55 784 
56 783 
57 783 
58 783 
59 784 
60 784 
61 783 
62 784 
63 783 
64 783 
65 783 
66 783 
67 783 
68 784 
69 783 
70 782 
71 783 
72 783 
73 783 
74 783 
75 783 
76 783 
77 783 
78 783 
79 783 
80 783 
81 784 
82 784 
83 783 
84 783 
85 784 
86 783 
87 783 
88 783 
89 783 
90 784 
91 783 
92 784 
93 783 
94 783 
95 784 
96 783 
97 783 
98 784 
99 783 
100 783 
101 783 
102 783 
103 784 
104 784 
105 784 
106 783 
107 783 
108 783 
109 783 
110 783 
111 783 
112 783 
113 783 
114 784 
115 782 
116 783 
117 783 
118 783 
119 783 
120 784 
121 783 
122 783 
123 783 
124 783 
125 783 
126 783 
127 783 
128 783 
129 783 
130 783 
131 783 
132 782 
133 783 
134 783 
135 783 
136 783 
137 783 
138 784 
139 783 
140 783 
141 783 
142 783 
143 783 
144 783 
145 783 
146 783 
147 783 
148 783 
149 783 
150 783 
151 783 
152 783 
153 783 
154 783 
155 783 
156 783 
157 783 
158 783 
159 783 
160 783 
161 783 
162 783 
163 784 
164 783 
165 783 
166 783 
167 783 
168 783 
169 784 
170 784 
171 783 
172 784 
173 783 
174 783 
175 784 
176 783 
177 783 
178 783 
179 783 
180 783 
181 783 
182 783 
183 783 
184 783 
185 783 
186 783 
187 783 
188 783 
189 784 
190 783 
191 783 
192 783 
193 783 
194 783 
195 783 
196 783 
197 784 
198 783 
199 783 
200 783 
201 783 
202 783 
203 783 
204 783 
205 784 
206 783 
207 783 
208 783 
209 783 
210 784 
211 783 
212 783 
213 783 
214 783 
215 784 
216 783 
217 783 
218 783 
219 783 
220 783 
221 783 
222 784 
223 783 
224 783 
225 783 
226 783 
227 783 
228 783 
229 783 
230 783 
231 783 
232 783 
233 783 
234 783 
235 783 
236 784 
237 784 
238 783 
239 783 
240 783 
241 783 
242 783 
243 783 
244 783 
245 783 
246 783 
247 783 
248 782 
249 783 
250 783 
251 783 
252 784 
253 783 
254 783 
255 783 
256 783 
257 783 
258 783 
259 783 
260 783 
261 783 
262 783 
263 784 
264 783 
265 783 
266 783 
267 783 
268 784 
269 783 
270 783 
271 783 
272 782 
273 783 
274 783 
275 783 
276 783 
277 784 
278 784 
279 783 
280 783 
281 783 
282 783 
283 784 
284 783 
285 783 
286 783 
287 783 
288 783 
289 783 
290 783 
291 783 
292 783 
293 784 
294 783 
295 783 
296 782 
297 784 
298 783 
299 783 
300 783 
301 783 
302 783 
303 783 
304 783 
305 783 
306 783 
307 783 
308 783 
309 783 
310 783 
311 783 
312 783 
313 784 
314 783 
315 783 
316 784 
317 783 
318 783 
319 783 
320 784 
321 784 
322 783 
323 783 
324 783 
325 783 
326 783 
327 783 
328 783 
329 784 
330 784 
331 783 
332 783 
333 783 
334 783 
335 783 
336 783 
337 783 
338 784 
339 783 
340 783 
341 783 
342 783 
343 783 
344 783 
345 783 
346 783 
347 783 
348 783 
349 783 
350 783 
351 783 
352 783 
353 783 
354 783 
355 783 
356 783 
357 783 
358 783 
359 783 
360 783 
361 783 
362 783 
363 783 
364 783 
365 782 
366 783 
367 783 
368 783 
369 783 
370 783 
371 783 
372 783 
373 783 
374 783 
375 783 
376 783 
377 783 
378 783 
379 783 
380 783 
381 783 
382 784 
383 784 
384 783 
385 784 
386 784 
387 783 
388 783 
389 783 
390 783 
391 784 
392 783 
393 783 
394 783 
395 783 
396 783 
397 783 
398 783 
399 784 
400 783 
401 783 
402 783 
403 784 
404 783 
405 782 
406 783 
407 783 
408 783 
409 784 
410 783 
411 783 
412 783 
413 783 
414 783 
415 783 
416 783 
417 783 
418 783 
419 783 
420 783 
421 783 
422 783 
423 783 
424 783 
425 783 
426 783 
427 783 
428 783 
429 783 
430 784 
431 783 
432 783 
433 783 
434 783 
435 783 
436 783 
437 783 
438 783 
439 783 
440 783 
441 783 
442 783 
443 783 
444 783 
445 783 
446 784 
447 783 
448 784 
449 783 
450 783 
451 783 
452 783 
453 783 
454 783 
455 783 
456 783 
457 783 
458 783 
459 783 
460 782 
461 783 
462 783 
463 783 
464 783 
465 783 
466 784 
467 783 
468 784 
469 783 
470 784 
471 783 
472 783 
473 783 
474 783 
475 783 
476 783 
477 784 
478 784 
479 783 
480 783 
481 783 
482 783 
483 783 
484 783 
485 783 
486 783 
487 783 
488 783 
489 783 
490 782 
491 782 
492 783 
493 783 
494 783 
495 783 
496 783 
497 783 
498 783 
499 783 
500 784 
