1 849 
2 849 
3 850 
4 850 
5 850 
6 850 
7 850 
8 850 
9 849 
10 849 
11 850 
12 850 
13 850 
14 850 
15 849 
16 849 
17 849 
18 850 
19 850 
20 850 
21 850 
22 850 
23 850 
24 849 
25 849 
26 850 
27 850 
28 850 
29 849 
30 850 
31 850 
32 850 
33 850 
34 849 
35 849 
36 850 
37 850 
38 849 
39 849 
40 850 
41 849 
42 849 
43 849 
44 849 
45 850 
46 850 
47 850 
48 850 
49 849 
50 850 
51 850 
52 850 
53 849 
54 849 
55 850 
56 849 
57 850 
58 850 
59 849 
60 850 
61 849 
62 850 
63 849 
64 850 
65 850 
66 850 
67 850 
68 850 
69 849 
70 850 
71 850 
72 849 
73 850 
74 850 
75 850 
76 850 
77 849 
78 849 
79 850 
80 850 
81 849 
82 850 
83 849 
84 850 
85 849 
86 849 
87 850 
88 849 
89 850 
90 850 
91 850 
92 850 
93 849 
94 849 
95 850 
96 850 
97 849 
98 850 
99 850 
100 850 
101 849 
102 850 
103 849 
104 850 
105 849 
106 850 
107 850 
108 850 
109 850 
110 849 
111 850 
112 850 
113 850 
114 850 
115 849 
116 849 
117 849 
118 850 
119 850 
120 850 
121 849 
122 850 
123 850 
124 850 
125 850 
126 850 
127 849 
128 849 
129 850 
130 849 
131 850 
132 850 
133 850 
134 850 
135 850 
136 850 
137 850 
138 849 
139 850 
140 850 
141 850 
142 850 
143 850 
144 850 
145 849 
146 849 
147 849 
148 849 
149 849 
150 849 
151 850 
152 850 
153 850 
154 850 
155 850 
156 849 
157 849 
158 849 
159 849 
160 850 
161 849 
162 849 
163 850 
164 850 
165 850 
166 849 
167 850 
168 849 
169 850 
170 849 
171 849 
172 849 
173 850 
174 850 
175 850 
176 850 
177 849 
178 849 
179 849 
180 849 
181 849 
182 850 
183 850 
184 849 
185 850 
186 850 
187 849 
188 849 
189 850 
190 850 
191 850 
192 849 
193 850 
194 849 
195 850 
196 849 
197 850 
198 850 
199 850 
200 849 
201 849 
202 849 
203 850 
204 850 
205 849 
206 850 
207 850 
208 850 
209 849 
210 850 
211 849 
212 849 
213 849 
214 850 
215 849 
216 850 
217 849 
218 850 
219 850 
220 849 
221 849 
222 849 
223 850 
224 849 
225 849 
226 849 
227 849 
228 850 
229 849 
230 850 
231 850 
232 850 
233 849 
234 850 
235 850 
236 850 
237 849 
238 850 
239 850 
240 849 
241 849 
242 850 
243 850 
244 850 
245 849 
246 850 
247 850 
248 849 
249 850 
250 849 
251 849 
252 850 
253 849 
254 850 
255 850 
256 850 
257 850 
258 850 
259 849 
260 850 
261 850 
262 849 
263 849 
264 849 
265 849 
266 850 
267 850 
268 850 
269 849 
270 850 
271 849 
272 849 
273 850 
274 850 
275 850 
276 850 
277 849 
278 850 
279 850 
280 850 
281 850 
282 849 
283 850 
284 850 
285 850 
286 849 
287 850 
288 849 
289 849 
290 849 
291 850 
292 849 
293 850 
294 850 
295 850 
296 849 
297 850 
298 850 
299 850 
300 849 
301 850 
302 850 
303 850 
304 849 
305 850 
306 850 
307 850 
308 850 
309 850 
310 850 
311 850 
312 850 
313 850 
314 849 
315 850 
316 849 
317 850 
318 850 
319 850 
320 850 
321 850 
322 850 
323 850 
324 850 
325 849 
326 850 
327 849 
328 849 
329 850 
330 849 
331 850 
332 849 
333 849 
334 850 
335 850 
336 850 
337 850 
338 850 
339 850 
340 849 
341 849 
342 850 
343 849 
344 850 
345 850 
346 850 
347 850 
348 849 
349 849 
350 850 
351 850 
352 849 
353 849 
354 849 
355 849 
356 849 
357 850 
358 850 
359 850 
360 849 
361 850 
362 850 
363 850 
364 849 
365 849 
366 850 
367 850 
368 849 
369 850 
370 849 
371 850 
372 850 
373 850 
374 850 
375 850 
376 850 
377 850 
378 850 
379 849 
380 849 
381 850 
382 850 
383 849 
384 850 
385 850 
386 849 
387 850 
388 849 
389 850 
390 850 
391 849 
392 850 
393 850 
394 849 
395 850 
396 850 
397 850 
398 850 
399 850 
400 850 
401 850 
402 849 
403 850 
404 850 
405 849 
406 849 
407 850 
408 850 
409 849 
410 849 
411 849 
412 849 
413 850 
414 850 
415 850 
416 850 
417 849 
418 849 
419 850 
420 849 
421 850 
422 849 
423 850 
424 850 
425 849 
426 849 
427 850 
428 850 
429 850 
430 849 
431 850 
432 850 
433 849 
434 850 
435 850 
436 850 
437 849 
438 849 
439 850 
440 850 
441 849 
442 849 
443 849 
444 849 
445 850 
446 850 
447 850 
448 850 
449 850 
450 850 
451 849 
452 849 
453 849 
454 849 
455 850 
456 850 
457 849 
458 850 
459 849 
460 850 
461 850 
462 850 
463 850 
464 850 
465 849 
466 850 
467 850 
468 850 
469 850 
470 850 
471 849 
472 850 
473 849 
474 850 
475 849 
476 849 
477 849 
478 849 
479 849 
480 849 
481 850 
482 850 
483 849 
484 849 
485 850 
486 849 
487 849 
488 849 
489 849 
490 849 
491 850 
492 850 
493 850 
494 850 
495 850 
496 849 
497 849 
498 850 
499 850 
500 849 
