1 1044 
2 1043 
3 1044 
4 1043 
5 1044 
6 1044 
7 1043 
8 1044 
9 1044 
10 1044 
11 1044 
12 1043 
13 1044 
14 1044 
15 1044 
16 1044 
17 1044 
18 1044 
19 1044 
20 1043 
21 1044 
22 1044 
23 1044 
24 1044 
25 1044 
26 1043 
27 1044 
28 1043 
29 1044 
30 1044 
31 1044 
32 1044 
33 1044 
34 1044 
35 1044 
36 1043 
37 1044 
38 1044 
39 1043 
40 1044 
41 1043 
42 1044 
43 1044 
44 1043 
45 1043 
46 1044 
47 1043 
48 1044 
49 1044 
50 1044 
51 1044 
52 1044 
53 1044 
54 1044 
55 1044 
56 1044 
57 1043 
58 1044 
59 1044 
60 1043 
61 1043 
62 1044 
63 1044 
64 1044 
65 1043 
66 1044 
67 1043 
68 1043 
69 1044 
70 1044 
71 1044 
72 1044 
73 1043 
74 1044 
75 1044 
76 1044 
77 1044 
78 1044 
79 1044 
80 1044 
81 1044 
82 1044 
83 1045 
84 1044 
85 1044 
86 1044 
87 1044 
88 1044 
89 1044 
90 1044 
91 1044 
92 1044 
93 1044 
94 1044 
95 1044 
96 1044 
97 1043 
98 1044 
99 1044 
100 1043 
101 1044 
102 1044 
103 1044 
104 1044 
105 1043 
106 1043 
107 1044 
108 1043 
109 1044 
110 1044 
111 1044 
112 1044 
113 1043 
114 1043 
115 1044 
116 1044 
117 1044 
118 1044 
119 1044 
120 1044 
121 1044 
122 1044 
123 1044 
124 1044 
125 1044 
126 1044 
127 1044 
128 1044 
129 1044 
130 1044 
131 1044 
132 1043 
133 1044 
134 1044 
135 1044 
136 1044 
137 1043 
138 1044 
139 1043 
140 1044 
141 1044 
142 1044 
143 1043 
144 1043 
145 1044 
146 1043 
147 1044 
148 1044 
149 1044 
150 1044 
151 1043 
152 1043 
153 1043 
154 1044 
155 1044 
156 1044 
157 1044 
158 1044 
159 1044 
160 1044 
161 1044 
162 1043 
163 1044 
164 1044 
165 1044 
166 1044 
167 1044 
168 1044 
169 1043 
170 1044 
171 1043 
172 1044 
173 1044 
174 1044 
175 1044 
176 1044 
177 1044 
178 1044 
179 1044 
180 1044 
181 1044 
182 1044 
183 1043 
184 1044 
185 1044 
186 1044 
187 1044 
188 1044 
189 1044 
190 1043 
191 1043 
192 1043 
193 1044 
194 1044 
195 1044 
196 1044 
197 1044 
198 1044 
199 1044 
200 1044 
201 1043 
202 1043 
203 1044 
204 1044 
205 1044 
206 1044 
207 1043 
208 1044 
209 1044 
210 1043 
211 1044 
212 1044 
213 1043 
214 1044 
215 1044 
216 1044 
217 1044 
218 1044 
219 1044 
220 1044 
221 1044 
222 1044 
223 1044 
224 1044 
225 1043 
226 1043 
227 1044 
228 1044 
229 1044 
230 1044 
231 1043 
232 1043 
233 1044 
234 1044 
235 1044 
236 1044 
237 1044 
238 1043 
239 1044 
240 1044 
241 1044 
242 1043 
243 1044 
244 1044 
245 1044 
246 1043 
247 1044 
248 1044 
249 1044 
250 1044 
251 1044 
252 1044 
253 1044 
254 1044 
255 1044 
256 1044 
257 1044 
258 1044 
259 1044 
260 1043 
261 1044 
262 1044 
263 1044 
264 1043 
265 1044 
266 1044 
267 1044 
268 1044 
269 1043 
270 1044 
271 1043 
272 1044 
273 1044 
274 1044 
275 1044 
276 1044 
277 1044 
278 1044 
279 1044 
280 1043 
281 1044 
282 1044 
283 1044 
284 1043 
285 1043 
286 1043 
287 1044 
288 1044 
289 1044 
290 1044 
291 1044 
292 1044 
293 1043 
294 1044 
295 1044 
296 1044 
297 1044 
298 1044 
299 1043 
300 1043 
301 1044 
302 1043 
303 1044 
304 1044 
305 1043 
306 1044 
307 1044 
308 1044 
309 1044 
310 1044 
311 1044 
312 1044 
313 1044 
314 1044 
315 1044 
316 1044 
317 1044 
318 1044 
319 1043 
320 1044 
321 1044 
322 1044 
323 1043 
324 1044 
325 1044 
326 1044 
327 1044 
328 1044 
329 1044 
330 1044 
331 1043 
332 1043 
333 1044 
334 1044 
335 1044 
336 1044 
337 1044 
338 1044 
339 1044 
340 1044 
341 1044 
342 1044 
343 1044 
344 1044 
345 1044 
346 1044 
347 1044 
348 1043 
349 1044 
350 1044 
351 1044 
352 1044 
353 1044 
354 1043 
355 1043 
356 1044 
357 1044 
358 1043 
359 1044 
360 1043 
361 1044 
362 1043 
363 1044 
364 1043 
365 1044 
366 1044 
367 1044 
368 1044 
369 1044 
370 1043 
371 1043 
372 1044 
373 1044 
374 1043 
375 1044 
376 1044 
377 1044 
378 1044 
379 1044 
380 1044 
381 1044 
382 1044 
383 1044 
384 1044 
385 1044 
386 1043 
387 1044 
388 1043 
389 1044 
390 1044 
391 1044 
392 1044 
393 1044 
394 1044 
395 1044 
396 1044 
397 1044 
398 1044 
399 1044 
400 1044 
401 1043 
402 1043 
403 1044 
404 1044 
405 1044 
406 1044 
407 1044 
408 1044 
409 1044 
410 1044 
411 1044 
412 1044 
413 1044 
414 1044 
415 1044 
416 1043 
417 1043 
418 1044 
419 1044 
420 1043 
421 1044 
422 1044 
423 1044 
424 1044 
425 1043 
426 1044 
427 1044 
428 1043 
429 1044 
430 1043 
431 1044 
432 1044 
433 1043 
434 1044 
435 1043 
436 1043 
437 1044 
438 1044 
439 1044 
440 1043 
441 1044 
442 1044 
443 1044 
444 1044 
445 1044 
446 1044 
447 1043 
448 1043 
449 1043 
450 1044 
451 1044 
452 1043 
453 1044 
454 1044 
455 1044 
456 1044 
457 1043 
458 1044 
459 1044 
460 1044 
461 1044 
462 1044 
463 1043 
464 1044 
465 1044 
466 1043 
467 1043 
468 1044 
469 1044 
470 1044 
471 1043 
472 1043 
473 1044 
474 1044 
475 1044 
476 1044 
477 1044 
478 1044 
479 1043 
480 1044 
481 1044 
482 1044 
483 1044 
484 1044 
485 1044 
486 1044 
487 1044 
488 1043 
489 1043 
490 1044 
491 1044 
492 1044 
493 1044 
494 1044 
495 1043 
496 1044 
497 1043 
498 1043 
499 1044 
500 1044 
