1 1108 
2 1108 
3 1109 
4 1108 
5 1108 
6 1109 
7 1109 
8 1109 
9 1109 
10 1108 
11 1109 
12 1108 
13 1108 
14 1109 
15 1108 
16 1109 
17 1109 
18 1109 
19 1109 
20 1109 
21 1108 
22 1109 
23 1109 
24 1109 
25 1108 
26 1108 
27 1108 
28 1109 
29 1108 
30 1108 
31 1109 
32 1108 
33 1109 
34 1108 
35 1108 
36 1109 
37 1108 
38 1109 
39 1108 
40 1108 
41 1109 
42 1108 
43 1108 
44 1109 
45 1108 
46 1108 
47 1109 
48 1108 
49 1108 
50 1109 
51 1108 
52 1109 
53 1109 
54 1108 
55 1108 
56 1109 
57 1108 
58 1108 
59 1108 
60 1108 
61 1109 
62 1108 
63 1108 
64 1108 
65 1109 
66 1108 
67 1109 
68 1108 
69 1108 
70 1108 
71 1108 
72 1108 
73 1109 
74 1108 
75 1109 
76 1109 
77 1108 
78 1109 
79 1109 
80 1109 
81 1109 
82 1108 
83 1109 
84 1108 
85 1109 
86 1108 
87 1109 
88 1109 
89 1109 
90 1108 
91 1108 
92 1108 
93 1109 
94 1109 
95 1109 
96 1109 
97 1108 
98 1109 
99 1109 
100 1108 
101 1108 
102 1109 
103 1109 
104 1109 
105 1108 
106 1108 
107 1108 
108 1109 
109 1108 
110 1109 
111 1108 
112 1109 
113 1108 
114 1108 
115 1108 
116 1108 
117 1108 
118 1108 
119 1108 
120 1109 
121 1109 
122 1109 
123 1109 
124 1108 
125 1109 
126 1109 
127 1108 
128 1109 
129 1109 
130 1109 
131 1109 
132 1108 
133 1109 
134 1109 
135 1109 
136 1109 
137 1109 
138 1108 
139 1109 
140 1108 
141 1109 
142 1109 
143 1108 
144 1108 
145 1108 
146 1109 
147 1108 
148 1108 
149 1108 
150 1109 
151 1109 
152 1109 
153 1109 
154 1108 
155 1108 
156 1108 
157 1108 
158 1109 
159 1108 
160 1109 
161 1109 
162 1109 
163 1109 
164 1108 
165 1109 
166 1109 
167 1108 
168 1109 
169 1109 
170 1109 
171 1109 
172 1108 
173 1109 
174 1109 
175 1108 
176 1109 
177 1109 
178 1108 
179 1109 
180 1108 
181 1109 
182 1109 
183 1109 
184 1109 
185 1109 
186 1108 
187 1109 
188 1108 
189 1109 
190 1109 
191 1109 
192 1108 
193 1109 
194 1108 
195 1108 
196 1108 
197 1109 
198 1108 
199 1109 
200 1109 
201 1109 
202 1109 
203 1108 
204 1108 
205 1109 
206 1108 
207 1108 
208 1108 
209 1109 
210 1109 
211 1108 
212 1109 
213 1109 
214 1108 
215 1109 
216 1109 
217 1109 
218 1109 
219 1108 
220 1108 
221 1109 
222 1108 
223 1109 
224 1109 
225 1109 
226 1108 
227 1108 
228 1109 
229 1109 
230 1109 
231 1109 
232 1108 
233 1108 
234 1109 
235 1108 
236 1109 
237 1108 
238 1109 
239 1109 
240 1109 
241 1109 
242 1109 
243 1109 
244 1108 
245 1109 
246 1108 
247 1108 
248 1108 
249 1108 
250 1109 
251 1109 
252 1109 
253 1109 
254 1108 
255 1109 
256 1109 
257 1108 
258 1108 
259 1109 
260 1108 
261 1109 
262 1108 
263 1109 
264 1109 
265 1109 
266 1109 
267 1108 
268 1109 
269 1108 
270 1108 
271 1108 
272 1109 
273 1108 
274 1109 
275 1108 
276 1108 
277 1109 
278 1109 
279 1108 
280 1108 
281 1108 
282 1108 
283 1109 
284 1108 
285 1109 
286 1109 
287 1108 
288 1108 
289 1108 
290 1109 
291 1109 
292 1108 
293 1109 
294 1109 
295 1109 
296 1109 
297 1108 
298 1109 
299 1108 
300 1108 
301 1108 
302 1108 
303 1109 
304 1108 
305 1108 
306 1109 
307 1108 
308 1109 
309 1109 
310 1108 
311 1108 
312 1108 
313 1108 
314 1108 
315 1108 
316 1109 
317 1108 
318 1108 
319 1108 
320 1109 
321 1108 
322 1109 
323 1108 
324 1108 
325 1109 
326 1108 
327 1109 
328 1109 
329 1108 
330 1109 
331 1108 
332 1109 
333 1109 
334 1109 
335 1108 
336 1108 
337 1108 
338 1109 
339 1108 
340 1108 
341 1109 
342 1108 
343 1108 
344 1108 
345 1108 
346 1109 
347 1108 
348 1108 
349 1109 
350 1109 
351 1108 
352 1108 
353 1108 
354 1108 
355 1108 
356 1109 
357 1109 
358 1109 
359 1108 
360 1108 
361 1109 
362 1108 
363 1108 
364 1109 
365 1108 
366 1109 
367 1109 
368 1109 
369 1108 
370 1109 
371 1109 
372 1108 
373 1108 
374 1109 
375 1108 
376 1108 
377 1109 
378 1108 
379 1108 
380 1108 
381 1109 
382 1108 
383 1108 
384 1108 
385 1108 
386 1109 
387 1108 
388 1108 
389 1108 
390 1109 
391 1109 
392 1108 
393 1109 
394 1109 
395 1109 
396 1108 
397 1109 
398 1109 
399 1109 
400 1108 
401 1108 
402 1109 
403 1109 
404 1109 
405 1108 
406 1109 
407 1109 
408 1108 
409 1108 
410 1109 
411 1108 
412 1108 
413 1108 
414 1109 
415 1108 
416 1109 
417 1108 
418 1108 
419 1108 
420 1109 
421 1108 
422 1108 
423 1108 
424 1109 
425 1108 
426 1108 
427 1108 
428 1109 
429 1108 
430 1108 
431 1108 
432 1108 
433 1108 
434 1108 
435 1109 
436 1109 
437 1109 
438 1108 
439 1108 
440 1108 
441 1109 
442 1108 
443 1109 
444 1108 
445 1108 
446 1108 
447 1109 
448 1108 
449 1109 
450 1108 
451 1108 
452 1108 
453 1108 
454 1108 
455 1109 
456 1109 
457 1109 
458 1108 
459 1109 
460 1109 
461 1108 
462 1108 
463 1109 
464 1108 
465 1108 
466 1109 
467 1109 
468 1109 
469 1108 
470 1109 
471 1109 
472 1109 
473 1109 
474 1109 
475 1108 
476 1108 
477 1108 
478 1108 
479 1109 
480 1108 
481 1108 
482 1108 
483 1108 
484 1109 
485 1109 
486 1108 
487 1109 
488 1109 
489 1108 
490 1108 
491 1109 
492 1108 
493 1108 
494 1108 
495 1109 
496 1108 
497 1109 
498 1108 
499 1108 
500 1109 
