1 1379 
2 1379 
3 1379 
4 1379 
5 1379 
6 1379 
7 1379 
8 1379 
9 1379 
10 1379 
11 1380 
12 1380 
13 1379 
14 1380 
15 1380 
16 1379 
17 1379 
18 1380 
19 1379 
20 1379 
21 1379 
22 1379 
23 1379 
24 1380 
25 1379 
26 1379 
27 1380 
28 1380 
29 1379 
30 1380 
31 1379 
32 1380 
33 1379 
34 1380 
35 1379 
36 1380 
37 1380 
38 1379 
39 1379 
40 1379 
41 1380 
42 1379 
43 1380 
44 1380 
45 1379 
46 1380 
47 1380 
48 1379 
49 1379 
50 1379 
51 1379 
52 1380 
53 1380 
54 1379 
55 1379 
56 1379 
57 1379 
58 1379 
59 1379 
60 1379 
61 1380 
62 1379 
63 1379 
64 1380 
65 1379 
66 1380 
67 1380 
68 1379 
69 1380 
70 1380 
71 1379 
72 1379 
73 1379 
74 1380 
75 1380 
76 1380 
77 1379 
78 1380 
79 1379 
80 1379 
81 1379 
82 1379 
83 1379 
84 1379 
85 1380 
86 1379 
87 1379 
88 1380 
89 1379 
90 1379 
91 1380 
92 1380 
93 1379 
94 1380 
95 1379 
96 1380 
97 1379 
98 1379 
99 1379 
100 1379 
101 1379 
102 1379 
103 1380 
104 1379 
105 1379 
106 1379 
107 1379 
108 1379 
109 1380 
110 1380 
111 1379 
112 1379 
113 1380 
114 1379 
115 1379 
116 1380 
117 1380 
118 1379 
119 1380 
120 1379 
121 1379 
122 1380 
123 1380 
124 1379 
125 1379 
126 1379 
127 1380 
128 1380 
129 1380 
130 1379 
131 1379 
132 1380 
133 1379 
134 1380 
135 1380 
136 1380 
137 1379 
138 1380 
139 1380 
140 1379 
141 1379 
142 1379 
143 1380 
144 1380 
145 1379 
146 1379 
147 1379 
148 1379 
149 1379 
150 1379 
151 1380 
152 1379 
153 1380 
154 1380 
155 1380 
156 1379 
157 1379 
158 1380 
159 1379 
160 1380 
161 1379 
162 1380 
163 1380 
164 1379 
165 1379 
166 1380 
167 1379 
168 1380 
169 1380 
170 1379 
171 1380 
172 1380 
173 1379 
174 1380 
175 1379 
176 1380 
177 1379 
178 1379 
179 1379 
180 1379 
181 1379 
182 1379 
183 1379 
184 1379 
185 1380 
186 1380 
187 1379 
188 1379 
189 1379 
190 1380 
191 1380 
192 1380 
193 1380 
194 1379 
195 1379 
196 1379 
197 1380 
198 1380 
199 1379 
200 1379 
201 1380 
202 1380 
203 1380 
204 1379 
205 1379 
206 1379 
207 1379 
208 1379 
209 1379 
210 1379 
211 1379 
212 1380 
213 1379 
214 1380 
215 1379 
216 1380 
217 1380 
218 1379 
219 1379 
220 1379 
221 1379 
222 1380 
223 1380 
224 1380 
225 1380 
226 1380 
227 1380 
228 1379 
229 1379 
230 1380 
231 1379 
232 1380 
233 1379 
234 1379 
235 1379 
236 1379 
237 1379 
238 1379 
239 1379 
240 1380 
241 1379 
242 1380 
243 1380 
244 1379 
245 1379 
246 1379 
247 1379 
248 1379 
249 1379 
250 1379 
251 1379 
252 1379 
253 1379 
254 1379 
255 1379 
256 1380 
257 1380 
258 1380 
259 1379 
260 1379 
261 1379 
262 1379 
263 1379 
264 1379 
265 1380 
266 1379 
267 1379 
268 1379 
269 1379 
270 1380 
271 1379 
272 1380 
273 1379 
274 1380 
275 1379 
276 1380 
277 1379 
278 1380 
279 1380 
280 1379 
281 1379 
282 1379 
283 1380 
284 1379 
285 1379 
286 1379 
287 1379 
288 1380 
289 1379 
290 1379 
291 1380 
292 1379 
293 1380 
294 1380 
295 1380 
296 1379 
297 1379 
298 1379 
299 1379 
300 1380 
301 1380 
302 1380 
303 1379 
304 1379 
305 1379 
306 1379 
307 1379 
308 1380 
309 1379 
310 1379 
311 1379 
312 1380 
313 1379 
314 1379 
315 1379 
316 1379 
317 1379 
318 1380 
319 1379 
320 1380 
321 1379 
322 1380 
323 1379 
324 1379 
325 1380 
326 1380 
327 1379 
328 1379 
329 1379 
330 1379 
331 1380 
332 1379 
333 1380 
334 1380 
335 1379 
336 1379 
337 1379 
338 1380 
339 1380 
340 1380 
341 1379 
342 1379 
343 1379 
344 1379 
345 1379 
346 1379 
347 1379 
348 1379 
349 1380 
350 1379 
351 1379 
352 1379 
353 1379 
354 1379 
355 1379 
356 1379 
357 1379 
358 1379 
359 1379 
360 1379 
361 1380 
362 1379 
363 1380 
364 1380 
365 1379 
366 1380 
367 1379 
368 1380 
369 1379 
370 1379 
371 1379 
372 1379 
373 1379 
374 1379 
375 1379 
376 1379 
377 1379 
378 1379 
379 1379 
380 1380 
381 1379 
382 1379 
383 1379 
384 1379 
385 1379 
386 1379 
387 1379 
388 1379 
389 1379 
390 1379 
391 1379 
392 1379 
393 1379 
394 1380 
395 1379 
396 1379 
397 1380 
398 1379 
399 1379 
400 1379 
401 1380 
402 1380 
403 1380 
404 1379 
405 1379 
406 1380 
407 1379 
408 1379 
409 1379 
410 1380 
411 1379 
412 1379 
413 1379 
414 1379 
415 1379 
416 1379 
417 1379 
418 1380 
419 1380 
420 1379 
421 1380 
422 1379 
423 1379 
424 1379 
425 1380 
426 1380 
427 1380 
428 1379 
429 1380 
430 1379 
431 1379 
432 1380 
433 1379 
434 1379 
435 1379 
436 1379 
437 1379 
438 1379 
439 1379 
440 1379 
441 1379 
442 1379 
443 1379 
444 1380 
445 1379 
446 1379 
447 1379 
448 1379 
449 1379 
450 1380 
451 1379 
452 1379 
453 1380 
454 1379 
455 1380 
456 1379 
457 1379 
458 1380 
459 1379 
460 1379 
461 1380 
462 1379 
463 1379 
464 1379 
465 1380 
466 1379 
467 1379 
468 1379 
469 1379 
470 1379 
471 1379 
472 1379 
473 1379 
474 1379 
475 1379 
476 1380 
477 1380 
478 1379 
479 1379 
480 1380 
481 1379 
482 1379 
483 1379 
484 1379 
485 1379 
486 1379 
487 1380 
488 1379 
489 1379 
490 1379 
491 1379 
492 1380 
493 1379 
494 1379 
495 1379 
496 1379 
497 1380 
498 1379 
499 1379 
500 1379 
