1 1449 
2 1449 
3 1449 
4 1449 
5 1449 
6 1449 
7 1450 
8 1449 
9 1449 
10 1449 
11 1449 
12 1449 
13 1449 
14 1450 
15 1449 
16 1449 
17 1449 
18 1449 
19 1449 
20 1449 
21 1450 
22 1449 
23 1449 
24 1449 
25 1449 
26 1449 
27 1449 
28 1449 
29 1449 
30 1449 
31 1450 
32 1449 
33 1449 
34 1449 
35 1450 
36 1449 
37 1449 
38 1449 
39 1449 
40 1449 
41 1449 
42 1449 
43 1449 
44 1449 
45 1449 
46 1449 
47 1449 
48 1449 
49 1449 
50 1449 
51 1450 
52 1450 
53 1449 
54 1449 
55 1450 
56 1450 
57 1449 
58 1449 
59 1449 
60 1450 
61 1449 
62 1450 
63 1449 
64 1449 
65 1449 
66 1450 
67 1449 
68 1449 
69 1449 
70 1449 
71 1450 
72 1449 
73 1450 
74 1449 
75 1449 
76 1449 
77 1449 
78 1449 
79 1449 
80 1449 
81 1449 
82 1450 
83 1449 
84 1449 
85 1449 
86 1450 
87 1449 
88 1449 
89 1450 
90 1450 
91 1449 
92 1449 
93 1449 
94 1449 
95 1450 
96 1450 
97 1449 
98 1449 
99 1449 
100 1449 
101 1449 
102 1449 
103 1449 
104 1450 
105 1449 
106 1449 
107 1449 
108 1450 
109 1449 
110 1450 
111 1449 
112 1449 
113 1450 
114 1449 
115 1449 
116 1449 
117 1449 
118 1449 
119 1449 
120 1449 
121 1450 
122 1450 
123 1449 
124 1449 
125 1449 
126 1449 
127 1449 
128 1450 
129 1450 
130 1449 
131 1449 
132 1449 
133 1449 
134 1449 
135 1449 
136 1449 
137 1450 
138 1449 
139 1449 
140 1449 
141 1449 
142 1450 
143 1449 
144 1449 
145 1449 
146 1449 
147 1449 
148 1449 
149 1449 
150 1449 
151 1449 
152 1450 
153 1450 
154 1449 
155 1449 
156 1449 
157 1449 
158 1449 
159 1449 
160 1449 
161 1449 
162 1449 
163 1450 
164 1449 
165 1449 
166 1450 
167 1449 
168 1449 
169 1449 
170 1449 
171 1449 
172 1449 
173 1449 
174 1450 
175 1449 
176 1450 
177 1449 
178 1449 
179 1449 
180 1449 
181 1449 
182 1450 
183 1450 
184 1449 
185 1449 
186 1449 
187 1449 
188 1450 
189 1450 
190 1449 
191 1449 
192 1449 
193 1449 
194 1449 
195 1449 
196 1449 
197 1449 
198 1449 
199 1450 
200 1449 
201 1449 
202 1449 
203 1449 
204 1450 
205 1449 
206 1449 
207 1450 
208 1450 
209 1449 
210 1449 
211 1449 
212 1449 
213 1449 
214 1449 
215 1449 
216 1449 
217 1449 
218 1449 
219 1449 
220 1449 
221 1449 
222 1450 
223 1449 
224 1449 
225 1449 
226 1449 
227 1449 
228 1449 
229 1449 
230 1449 
231 1449 
232 1449 
233 1450 
234 1449 
235 1450 
236 1449 
237 1449 
238 1449 
239 1450 
240 1449 
241 1449 
242 1449 
243 1449 
244 1449 
245 1449 
246 1449 
247 1449 
248 1449 
249 1449 
250 1449 
251 1449 
252 1449 
253 1450 
254 1450 
255 1450 
256 1450 
257 1449 
258 1449 
259 1449 
260 1449 
261 1449 
262 1449 
263 1449 
264 1450 
265 1449 
266 1449 
267 1449 
268 1449 
269 1449 
270 1449 
271 1450 
272 1449 
273 1449 
274 1449 
275 1450 
276 1450 
277 1449 
278 1450 
279 1449 
280 1449 
281 1449 
282 1449 
283 1449 
284 1449 
285 1450 
286 1449 
287 1449 
288 1449 
289 1449 
290 1449 
291 1449 
292 1449 
293 1449 
294 1449 
295 1449 
296 1449 
297 1449 
298 1449 
299 1449 
300 1449 
301 1449 
302 1449 
303 1449 
304 1449 
305 1449 
306 1449 
307 1449 
308 1449 
309 1449 
310 1449 
311 1449 
312 1449 
313 1450 
314 1449 
315 1449 
316 1449 
317 1449 
318 1449 
319 1449 
320 1450 
321 1449 
322 1449 
323 1449 
324 1450 
325 1449 
326 1450 
327 1449 
328 1449 
329 1449 
330 1449 
331 1450 
332 1449 
333 1449 
334 1449 
335 1449 
336 1449 
337 1449 
338 1449 
339 1449 
340 1449 
341 1450 
342 1449 
343 1449 
344 1449 
345 1449 
346 1449 
347 1450 
348 1449 
349 1449 
350 1449 
351 1449 
352 1449 
353 1449 
354 1449 
355 1449 
356 1449 
357 1449 
358 1449 
359 1449 
360 1449 
361 1449 
362 1450 
363 1449 
364 1449 
365 1449 
366 1449 
367 1449 
368 1449 
369 1449 
370 1449 
371 1449 
372 1449 
373 1449 
374 1450 
375 1449 
376 1449 
377 1450 
378 1449 
379 1449 
380 1449 
381 1449 
382 1449 
383 1449 
384 1450 
385 1449 
386 1449 
387 1450 
388 1449 
389 1449 
390 1450 
391 1449 
392 1449 
393 1450 
394 1449 
395 1450 
396 1449 
397 1449 
398 1449 
399 1450 
400 1449 
401 1449 
402 1449 
403 1449 
404 1450 
405 1449 
406 1450 
407 1449 
408 1449 
409 1449 
410 1449 
411 1449 
412 1449 
413 1449 
414 1449 
415 1449 
416 1449 
417 1449 
418 1449 
419 1449 
420 1449 
421 1450 
422 1449 
423 1449 
424 1449 
425 1449 
426 1449 
427 1449 
428 1449 
429 1449 
430 1449 
431 1449 
432 1449 
433 1449 
434 1449 
435 1449 
436 1449 
437 1449 
438 1449 
439 1449 
440 1449 
441 1449 
442 1449 
443 1449 
444 1448 
445 1449 
446 1449 
447 1450 
448 1449 
449 1449 
450 1449 
451 1449 
452 1449 
453 1449 
454 1449 
455 1449 
456 1450 
457 1449 
458 1449 
459 1449 
460 1449 
461 1449 
462 1449 
463 1449 
464 1449 
465 1449 
466 1449 
467 1449 
468 1449 
469 1449 
470 1449 
471 1449 
472 1449 
473 1450 
474 1449 
475 1449 
476 1449 
477 1450 
478 1449 
479 1449 
480 1449 
481 1449 
482 1449 
483 1449 
484 1449 
485 1449 
486 1450 
487 1449 
488 1449 
489 1449 
490 1449 
491 1450 
492 1449 
493 1449 
494 1449 
495 1449 
496 1449 
497 1449 
498 1449 
499 1450 
500 1449 
