1 1506 
2 1506 
3 1506 
4 1506 
5 1506 
6 1506 
7 1506 
8 1506 
9 1506 
10 1507 
11 1506 
12 1506 
13 1506 
14 1506 
15 1506 
16 1506 
17 1506 
18 1507 
19 1506 
20 1506 
21 1506 
22 1506 
23 1506 
24 1506 
25 1506 
26 1506 
27 1507 
28 1506 
29 1506 
30 1506 
31 1506 
32 1506 
33 1506 
34 1506 
35 1506 
36 1506 
37 1506 
38 1506 
39 1507 
40 1506 
41 1506 
42 1506 
43 1506 
44 1506 
45 1506 
46 1507 
47 1506 
48 1506 
49 1507 
50 1506 
51 1506 
52 1506 
53 1506 
54 1506 
55 1506 
56 1506 
57 1507 
58 1506 
59 1506 
60 1506 
61 1506 
62 1506 
63 1506 
64 1506 
65 1506 
66 1506 
67 1506 
68 1506 
69 1506 
70 1506 
71 1506 
72 1506 
73 1506 
74 1507 
75 1506 
76 1506 
77 1506 
78 1506 
79 1507 
80 1507 
81 1506 
82 1506 
83 1506 
84 1506 
85 1506 
86 1506 
87 1506 
88 1506 
89 1506 
90 1506 
91 1506 
92 1506 
93 1506 
94 1506 
95 1507 
96 1506 
97 1506 
98 1506 
99 1506 
100 1506 
101 1506 
102 1506 
103 1506 
104 1506 
105 1506 
106 1507 
107 1506 
108 1506 
109 1506 
110 1506 
111 1506 
112 1506 
113 1506 
114 1506 
115 1506 
116 1506 
117 1507 
118 1506 
119 1506 
120 1506 
121 1506 
122 1506 
123 1506 
124 1506 
125 1506 
126 1506 
127 1506 
128 1506 
129 1506 
130 1506 
131 1506 
132 1506 
133 1506 
134 1506 
135 1507 
136 1506 
137 1506 
138 1506 
139 1506 
140 1506 
141 1506 
142 1506 
143 1506 
144 1506 
145 1506 
146 1506 
147 1507 
148 1506 
149 1506 
150 1506 
151 1506 
152 1506 
153 1506 
154 1506 
155 1506 
156 1506 
157 1506 
158 1506 
159 1506 
160 1506 
161 1506 
162 1506 
163 1506 
164 1506 
165 1506 
166 1506 
167 1506 
168 1506 
169 1506 
170 1506 
171 1506 
172 1506 
173 1506 
174 1506 
175 1506 
176 1506 
177 1507 
178 1506 
179 1506 
180 1507 
181 1507 
182 1506 
183 1506 
184 1506 
185 1506 
186 1507 
187 1506 
188 1506 
189 1506 
190 1506 
191 1506 
192 1506 
193 1506 
194 1506 
195 1506 
196 1506 
197 1506 
198 1506 
199 1506 
200 1506 
201 1506 
202 1506 
203 1506 
204 1506 
205 1506 
206 1506 
207 1506 
208 1506 
209 1506 
210 1506 
211 1506 
212 1507 
213 1506 
214 1506 
215 1507 
216 1506 
217 1506 
218 1507 
219 1506 
220 1506 
221 1506 
222 1506 
223 1507 
224 1506 
225 1506 
226 1506 
227 1506 
228 1506 
229 1506 
230 1506 
231 1505 
232 1506 
233 1506 
234 1506 
235 1506 
236 1507 
237 1506 
238 1506 
239 1506 
240 1506 
241 1506 
242 1507 
243 1506 
244 1506 
245 1507 
246 1506 
247 1506 
248 1506 
249 1506 
250 1506 
251 1506 
252 1506 
253 1506 
254 1506 
255 1506 
256 1506 
257 1506 
258 1506 
259 1506 
260 1506 
261 1506 
262 1505 
263 1506 
264 1506 
265 1506 
266 1507 
267 1506 
268 1506 
269 1506 
270 1506 
271 1507 
272 1506 
273 1506 
274 1507 
275 1506 
276 1506 
277 1506 
278 1506 
279 1506 
280 1506 
281 1506 
282 1506 
283 1506 
284 1506 
285 1506 
286 1506 
287 1506 
288 1507 
289 1506 
290 1506 
291 1506 
292 1506 
293 1507 
294 1506 
295 1505 
296 1506 
297 1506 
298 1506 
299 1506 
300 1506 
301 1506 
302 1506 
303 1507 
304 1506 
305 1505 
306 1506 
307 1506 
308 1506 
309 1505 
310 1506 
311 1506 
312 1506 
313 1506 
314 1507 
315 1506 
316 1506 
317 1506 
318 1506 
319 1506 
320 1506 
321 1506 
322 1506 
323 1505 
324 1506 
325 1506 
326 1506 
327 1507 
328 1506 
329 1506 
330 1506 
331 1506 
332 1506 
333 1506 
334 1506 
335 1507 
336 1506 
337 1506 
338 1506 
339 1506 
340 1506 
341 1506 
342 1506 
343 1506 
344 1506 
345 1506 
346 1506 
347 1506 
348 1506 
349 1506 
350 1506 
351 1506 
352 1506 
353 1506 
354 1506 
355 1506 
356 1506 
357 1506 
358 1506 
359 1506 
360 1506 
361 1506 
362 1507 
363 1506 
364 1506 
365 1506 
366 1506 
367 1506 
368 1506 
369 1506 
370 1506 
371 1506 
372 1507 
373 1506 
374 1506 
375 1506 
376 1506 
377 1506 
378 1506 
379 1506 
380 1506 
381 1505 
382 1506 
383 1507 
384 1506 
385 1506 
386 1506 
387 1506 
388 1506 
389 1506 
390 1506 
391 1506 
392 1506 
393 1506 
394 1506 
395 1506 
396 1506 
397 1506 
398 1506 
399 1506 
400 1506 
401 1506 
402 1506 
403 1506 
404 1506 
405 1506 
406 1506 
407 1506 
408 1506 
409 1506 
410 1507 
411 1506 
412 1506 
413 1506 
414 1506 
415 1506 
416 1506 
417 1506 
418 1506 
419 1506 
420 1506 
421 1506 
422 1506 
423 1507 
424 1506 
425 1506 
426 1506 
427 1506 
428 1506 
429 1506 
430 1506 
431 1505 
432 1506 
433 1506 
434 1505 
435 1506 
436 1505 
437 1506 
438 1506 
439 1506 
440 1506 
441 1506 
442 1506 
443 1506 
444 1506 
445 1506 
446 1506 
447 1506 
448 1505 
449 1506 
450 1506 
451 1506 
452 1506 
453 1506 
454 1506 
455 1506 
456 1506 
457 1506 
458 1507 
459 1506 
460 1506 
461 1506 
462 1506 
463 1506 
464 1506 
465 1507 
466 1505 
467 1507 
468 1506 
469 1506 
470 1505 
471 1506 
472 1506 
473 1506 
474 1506 
475 1506 
476 1506 
477 1506 
478 1506 
479 1506 
480 1506 
481 1506 
482 1506 
483 1506 
484 1506 
485 1506 
486 1506 
487 1505 
488 1506 
489 1506 
490 1506 
491 1506 
492 1506 
493 1506 
494 1507 
495 1506 
496 1506 
497 1506 
498 1506 
499 1506 
500 1506 
