1 1704 
2 1704 
3 1704 
4 1705 
5 1704 
6 1704 
7 1704 
8 1704 
9 1704 
10 1704 
11 1705 
12 1704 
13 1704 
14 1704 
15 1704 
16 1704 
17 1704 
18 1704 
19 1704 
20 1704 
21 1704 
22 1705 
23 1704 
24 1704 
25 1704 
26 1704 
27 1705 
28 1704 
29 1704 
30 1704 
31 1704 
32 1704 
33 1704 
34 1704 
35 1705 
36 1704 
37 1705 
38 1704 
39 1704 
40 1704 
41 1704 
42 1704 
43 1704 
44 1704 
45 1703 
46 1704 
47 1704 
48 1704 
49 1704 
50 1704 
51 1705 
52 1704 
53 1705 
54 1704 
55 1704 
56 1704 
57 1704 
58 1703 
59 1704 
60 1704 
61 1704 
62 1704 
63 1704 
64 1705 
65 1704 
66 1704 
67 1704 
68 1704 
69 1704 
70 1704 
71 1704 
72 1704 
73 1705 
74 1704 
75 1704 
76 1705 
77 1704 
78 1704 
79 1704 
80 1704 
81 1704 
82 1705 
83 1704 
84 1704 
85 1704 
86 1704 
87 1704 
88 1704 
89 1705 
90 1704 
91 1704 
92 1704 
93 1704 
94 1704 
95 1704 
96 1705 
97 1704 
98 1704 
99 1704 
100 1704 
101 1704 
102 1705 
103 1704 
104 1704 
105 1704 
106 1704 
107 1704 
108 1704 
109 1704 
110 1704 
111 1704 
112 1705 
113 1705 
114 1704 
115 1704 
116 1704 
117 1704 
118 1704 
119 1704 
120 1705 
121 1704 
122 1705 
123 1705 
124 1704 
125 1704 
126 1705 
127 1704 
128 1704 
129 1704 
130 1704 
131 1705 
132 1704 
133 1705 
134 1704 
135 1705 
136 1705 
137 1704 
138 1704 
139 1704 
140 1704 
141 1704 
142 1704 
143 1704 
144 1704 
145 1705 
146 1704 
147 1704 
148 1704 
149 1704 
150 1704 
151 1704 
152 1704 
153 1704 
154 1704 
155 1704 
156 1704 
157 1704 
158 1704 
159 1704 
160 1704 
161 1704 
162 1704 
163 1704 
164 1704 
165 1704 
166 1704 
167 1704 
168 1704 
169 1704 
170 1705 
171 1704 
172 1704 
173 1704 
174 1704 
175 1704 
176 1704 
177 1704 
178 1704 
179 1704 
180 1704 
181 1704 
182 1704 
183 1704 
184 1705 
185 1705 
186 1704 
187 1704 
188 1704 
189 1704 
190 1704 
191 1704 
192 1704 
193 1705 
194 1703 
195 1704 
196 1704 
197 1704 
198 1705 
199 1704 
200 1704 
201 1704 
202 1705 
203 1704 
204 1704 
205 1704 
206 1704 
207 1704 
208 1704 
209 1704 
210 1704 
211 1704 
212 1704 
213 1704 
214 1704 
215 1704 
216 1704 
217 1704 
218 1705 
219 1704 
220 1704 
221 1704 
222 1704 
223 1705 
224 1704 
225 1704 
226 1704 
227 1705 
228 1704 
229 1704 
230 1704 
231 1704 
232 1704 
233 1704 
234 1704 
235 1704 
236 1704 
237 1704 
238 1704 
239 1704 
240 1705 
241 1704 
242 1704 
243 1704 
244 1704 
245 1705 
246 1704 
247 1704 
248 1705 
249 1705 
250 1704 
251 1704 
252 1704 
253 1705 
254 1705 
255 1704 
256 1704 
257 1704 
258 1704 
259 1704 
260 1705 
261 1704 
262 1704 
263 1704 
264 1704 
265 1704 
266 1704 
267 1704 
268 1704 
269 1704 
270 1705 
271 1705 
272 1704 
273 1705 
274 1704 
275 1704 
276 1704 
277 1705 
278 1704 
279 1704 
280 1704 
281 1704 
282 1705 
283 1704 
284 1704 
285 1704 
286 1704 
287 1704 
288 1705 
289 1704 
290 1704 
291 1704 
292 1704 
293 1704 
294 1704 
295 1704 
296 1704 
297 1704 
298 1704 
299 1704 
300 1704 
301 1704 
302 1704 
303 1704 
304 1704 
305 1704 
306 1704 
307 1704 
308 1705 
309 1704 
310 1704 
311 1704 
312 1705 
313 1704 
314 1704 
315 1705 
316 1704 
317 1704 
318 1704 
319 1704 
320 1704 
321 1704 
322 1704 
323 1704 
324 1704 
325 1705 
326 1704 
327 1704 
328 1705 
329 1704 
330 1704 
331 1704 
332 1704 
333 1704 
334 1704 
335 1704 
336 1704 
337 1704 
338 1704 
339 1704 
340 1704 
341 1704 
342 1704 
343 1703 
344 1704 
345 1704 
346 1704 
347 1704 
348 1705 
349 1705 
350 1705 
351 1704 
352 1704 
353 1704 
354 1704 
355 1704 
356 1704 
357 1704 
358 1704 
359 1704 
360 1704 
361 1704 
362 1704 
363 1704 
364 1704 
365 1704 
366 1704 
367 1704 
368 1704 
369 1704 
370 1704 
371 1704 
372 1704 
373 1704 
374 1704 
375 1705 
376 1704 
377 1704 
378 1704 
379 1705 
380 1704 
381 1705 
382 1704 
383 1704 
384 1704 
385 1703 
386 1704 
387 1704 
388 1704 
389 1704 
390 1704 
391 1704 
392 1705 
393 1704 
394 1704 
395 1704 
396 1705 
397 1705 
398 1704 
399 1704 
400 1704 
401 1704 
402 1704 
403 1704 
404 1704 
405 1704 
406 1704 
407 1704 
408 1704 
409 1704 
410 1704 
411 1704 
412 1704 
413 1704 
414 1704 
415 1704 
416 1704 
417 1704 
418 1704 
419 1704 
420 1705 
421 1704 
422 1704 
423 1705 
424 1705 
425 1705 
426 1704 
427 1704 
428 1704 
429 1704 
430 1704 
431 1704 
432 1705 
433 1704 
434 1704 
435 1704 
436 1704 
437 1704 
438 1704 
439 1704 
440 1704 
441 1705 
442 1704 
443 1704 
444 1704 
445 1704 
446 1704 
447 1704 
448 1704 
449 1704 
450 1705 
451 1704 
452 1704 
453 1704 
454 1705 
455 1704 
456 1705 
457 1704 
458 1704 
459 1704 
460 1705 
461 1704 
462 1704 
463 1704 
464 1704 
465 1704 
466 1704 
467 1704 
468 1704 
469 1704 
470 1704 
471 1704 
472 1704 
473 1704 
474 1704 
475 1705 
476 1704 
477 1704 
478 1704 
479 1704 
480 1705 
481 1704 
482 1705 
483 1704 
484 1704 
485 1705 
486 1704 
487 1704 
488 1704 
489 1704 
490 1705 
491 1704 
492 1704 
493 1704 
494 1704 
495 1705 
496 1704 
497 1704 
498 1704 
499 1704 
500 1704 
