1 1837 
2 1837 
3 1837 
4 1837 
5 1837 
6 1837 
7 1837 
8 1837 
9 1837 
10 1837 
11 1837 
12 1837 
13 1837 
14 1837 
15 1837 
16 1837 
17 1837 
18 1837 
19 1837 
20 1837 
21 1837 
22 1837 
23 1837 
24 1837 
25 1838 
26 1837 
27 1837 
28 1837 
29 1837 
30 1837 
31 1837 
32 1837 
33 1838 
34 1837 
35 1837 
36 1837 
37 1838 
38 1837 
39 1837 
40 1837 
41 1837 
42 1837 
43 1837 
44 1837 
45 1837 
46 1837 
47 1837 
48 1838 
49 1837 
50 1837 
51 1837 
52 1837 
53 1837 
54 1838 
55 1838 
56 1837 
57 1838 
58 1837 
59 1837 
60 1838 
61 1837 
62 1838 
63 1837 
64 1837 
65 1837 
66 1837 
67 1837 
68 1837 
69 1837 
70 1838 
71 1837 
72 1837 
73 1838 
74 1837 
75 1838 
76 1838 
77 1837 
78 1837 
79 1837 
80 1837 
81 1837 
82 1837 
83 1837 
84 1837 
85 1837 
86 1837 
87 1837 
88 1837 
89 1837 
90 1837 
91 1837 
92 1838 
93 1837 
94 1837 
95 1837 
96 1837 
97 1837 
98 1837 
99 1837 
100 1837 
101 1838 
102 1837 
103 1837 
104 1837 
105 1837 
106 1837 
107 1838 
108 1838 
109 1837 
110 1837 
111 1837 
112 1838 
113 1837 
114 1837 
115 1837 
116 1837 
117 1837 
118 1837 
119 1837 
120 1837 
121 1837 
122 1837 
123 1837 
124 1837 
125 1838 
126 1837 
127 1837 
128 1837 
129 1837 
130 1837 
131 1837 
132 1837 
133 1837 
134 1837 
135 1837 
136 1837 
137 1837 
138 1837 
139 1837 
140 1837 
141 1837 
142 1837 
143 1837 
144 1837 
145 1837 
146 1837 
147 1837 
148 1837 
149 1837 
150 1838 
151 1837 
152 1838 
153 1837 
154 1837 
155 1837 
156 1837 
157 1838 
158 1837 
159 1837 
160 1837 
161 1837 
162 1837 
163 1837 
164 1837 
165 1837 
166 1837 
167 1837 
168 1837 
169 1837 
170 1837 
171 1838 
172 1837 
173 1837 
174 1837 
175 1838 
176 1837 
177 1837 
178 1837 
179 1837 
180 1837 
181 1837 
182 1837 
183 1837 
184 1837 
185 1837 
186 1837 
187 1837 
188 1837 
189 1838 
190 1837 
191 1837 
192 1837 
193 1837 
194 1836 
195 1837 
196 1837 
197 1837 
198 1837 
199 1837 
200 1837 
201 1838 
202 1838 
203 1837 
204 1837 
205 1837 
206 1838 
207 1837 
208 1837 
209 1838 
210 1837 
211 1837 
212 1837 
213 1837 
214 1837 
215 1837 
216 1837 
217 1837 
218 1837 
219 1837 
220 1837 
221 1837 
222 1838 
223 1837 
224 1838 
225 1838 
226 1837 
227 1837 
228 1837 
229 1838 
230 1837 
231 1837 
232 1837 
233 1837 
234 1837 
235 1837 
236 1837 
237 1838 
238 1837 
239 1837 
240 1837 
241 1838 
242 1838 
243 1837 
244 1837 
245 1837 
246 1837 
247 1837 
248 1837 
249 1838 
250 1837 
251 1837 
252 1837 
253 1837 
254 1837 
255 1837 
256 1837 
257 1837 
258 1837 
259 1837 
260 1837 
261 1837 
262 1837 
263 1836 
264 1837 
265 1837 
266 1837 
267 1837 
268 1837 
269 1837 
270 1837 
271 1837 
272 1837 
273 1837 
274 1838 
275 1837 
276 1837 
277 1837 
278 1836 
279 1837 
280 1838 
281 1837 
282 1837 
283 1838 
284 1837 
285 1837 
286 1837 
287 1837 
288 1837 
289 1838 
290 1837 
291 1837 
292 1837 
293 1837 
294 1837 
295 1837 
296 1837 
297 1838 
298 1838 
299 1837 
300 1837 
301 1837 
302 1837 
303 1837 
304 1838 
305 1837 
306 1837 
307 1837 
308 1837 
309 1837 
310 1837 
311 1837 
312 1838 
313 1837 
314 1837 
315 1838 
316 1838 
317 1837 
318 1837 
319 1837 
320 1837 
321 1837 
322 1837 
323 1837 
324 1837 
325 1837 
326 1837 
327 1837 
328 1838 
329 1838 
330 1837 
331 1838 
332 1837 
333 1837 
334 1837 
335 1838 
336 1838 
337 1837 
338 1837 
339 1837 
340 1837 
341 1837 
342 1837 
343 1837 
344 1838 
345 1837 
346 1837 
347 1837 
348 1837 
349 1837 
350 1837 
351 1837 
352 1838 
353 1837 
354 1837 
355 1837 
356 1837 
357 1837 
358 1837 
359 1837 
360 1838 
361 1837 
362 1838 
363 1837 
364 1836 
365 1837 
366 1837 
367 1837 
368 1838 
369 1838 
370 1837 
371 1837 
372 1838 
373 1837 
374 1837 
375 1837 
376 1838 
377 1837 
378 1838 
379 1837 
380 1837 
381 1837 
382 1837 
383 1837 
384 1837 
385 1837 
386 1837 
387 1837 
388 1837 
389 1838 
390 1837 
391 1837 
392 1838 
393 1837 
394 1837 
395 1837 
396 1837 
397 1838 
398 1837 
399 1837 
400 1837 
401 1837 
402 1837 
403 1838 
404 1837 
405 1837 
406 1837 
407 1837 
408 1837 
409 1837 
410 1837 
411 1837 
412 1837 
413 1837 
414 1838 
415 1837 
416 1837 
417 1838 
418 1837 
419 1837 
420 1837 
421 1837 
422 1837 
423 1837 
424 1837 
425 1838 
426 1837 
427 1837 
428 1837 
429 1838 
430 1837 
431 1838 
432 1837 
433 1837 
434 1837 
435 1837 
436 1837 
437 1837 
438 1837 
439 1837 
440 1837 
441 1837 
442 1837 
443 1837 
444 1837 
445 1837 
446 1837 
447 1837 
448 1838 
449 1837 
450 1837 
451 1838 
452 1837 
453 1838 
454 1837 
455 1838 
456 1837 
457 1838 
458 1838 
459 1838 
460 1837 
461 1837 
462 1837 
463 1837 
464 1837 
465 1837 
466 1837 
467 1837 
468 1837 
469 1838 
470 1837 
471 1837 
472 1837 
473 1837 
474 1837 
475 1837 
476 1837 
477 1837 
478 1838 
479 1837 
480 1837 
481 1837 
482 1837 
483 1837 
484 1837 
485 1837 
486 1837 
487 1837 
488 1837 
489 1837 
490 1837 
491 1837 
492 1837 
493 1837 
494 1838 
495 1837 
496 1838 
497 1836 
498 1837 
499 1837 
500 1837 
