1 2037 
2 2037 
3 2037 
4 2038 
5 2036 
6 2037 
7 2037 
8 2037 
9 2037 
10 2037 
11 2037 
12 2038 
13 2038 
14 2037 
15 2037 
16 2037 
17 2037 
18 2037 
19 2037 
20 2037 
21 2037 
22 2038 
23 2037 
24 2037 
25 2037 
26 2038 
27 2037 
28 2037 
29 2037 
30 2037 
31 2037 
32 2037 
33 2037 
34 2037 
35 2037 
36 2038 
37 2037 
38 2038 
39 2037 
40 2037 
41 2037 
42 2037 
43 2037 
44 2038 
45 2037 
46 2038 
47 2037 
48 2038 
49 2037 
50 2037 
51 2037 
52 2037 
53 2037 
54 2037 
55 2037 
56 2038 
57 2037 
58 2037 
59 2037 
60 2037 
61 2037 
62 2038 
63 2037 
64 2037 
65 2037 
66 2037 
67 2038 
68 2037 
69 2038 
70 2037 
71 2037 
72 2037 
73 2037 
74 2037 
75 2038 
76 2037 
77 2037 
78 2038 
79 2038 
80 2038 
81 2037 
82 2037 
83 2037 
84 2038 
85 2037 
86 2037 
87 2037 
88 2037 
89 2037 
90 2037 
91 2037 
92 2038 
93 2037 
94 2036 
95 2037 
96 2038 
97 2038 
98 2037 
99 2038 
100 2037 
101 2037 
102 2037 
103 2038 
104 2038 
105 2037 
106 2037 
107 2037 
108 2037 
109 2037 
110 2037 
111 2037 
112 2038 
113 2037 
114 2037 
115 2038 
116 2037 
117 2037 
118 2037 
119 2037 
120 2037 
121 2037 
122 2037 
123 2037 
124 2037 
125 2037 
126 2037 
127 2037 
128 2037 
129 2038 
130 2037 
131 2037 
132 2037 
133 2037 
134 2037 
135 2037 
136 2037 
137 2037 
138 2037 
139 2037 
140 2037 
141 2037 
142 2037 
143 2037 
144 2037 
145 2038 
146 2037 
147 2038 
148 2037 
149 2037 
150 2038 
151 2037 
152 2038 
153 2037 
154 2038 
155 2038 
156 2037 
157 2037 
158 2037 
159 2037 
160 2037 
161 2038 
162 2037 
163 2037 
164 2037 
165 2037 
166 2037 
167 2037 
168 2037 
169 2038 
170 2037 
171 2038 
172 2037 
173 2037 
174 2037 
175 2038 
176 2037 
177 2037 
178 2037 
179 2037 
180 2037 
181 2038 
182 2037 
183 2038 
184 2038 
185 2037 
186 2037 
187 2037 
188 2037 
189 2038 
190 2037 
191 2037 
192 2037 
193 2037 
194 2037 
195 2037 
196 2037 
197 2037 
198 2037 
199 2038 
200 2037 
201 2037 
202 2037 
203 2037 
204 2037 
205 2037 
206 2037 
207 2038 
208 2037 
209 2038 
210 2037 
211 2037 
212 2037 
213 2037 
214 2037 
215 2037 
216 2037 
217 2037 
218 2037 
219 2037 
220 2037 
221 2037 
222 2037 
223 2037 
224 2037 
225 2037 
226 2037 
227 2037 
228 2038 
229 2037 
230 2037 
231 2037 
232 2037 
233 2037 
234 2037 
235 2038 
236 2037 
237 2037 
238 2037 
239 2037 
240 2038 
241 2037 
242 2037 
243 2038 
244 2037 
245 2037 
246 2037 
247 2037 
248 2038 
249 2037 
250 2037 
251 2037 
252 2038 
253 2038 
254 2037 
255 2037 
256 2037 
257 2038 
258 2037 
259 2037 
260 2037 
261 2037 
262 2037 
263 2038 
264 2037 
265 2037 
266 2037 
267 2038 
268 2037 
269 2037 
270 2038 
271 2037 
272 2038 
273 2037 
274 2037 
275 2037 
276 2037 
277 2037 
278 2038 
279 2037 
280 2037 
281 2037 
282 2037 
283 2038 
284 2037 
285 2037 
286 2038 
287 2037 
288 2037 
289 2037 
290 2037 
291 2037 
292 2038 
293 2037 
294 2037 
295 2037 
296 2037 
297 2037 
298 2038 
299 2037 
300 2037 
301 2037 
302 2037 
303 2037 
304 2037 
305 2037 
306 2037 
307 2037 
308 2037 
309 2038 
310 2037 
311 2037 
312 2037 
313 2037 
314 2037 
315 2037 
316 2037 
317 2037 
318 2037 
319 2037 
320 2038 
321 2038 
322 2038 
323 2037 
324 2037 
325 2037 
326 2037 
327 2037 
328 2037 
329 2037 
330 2037 
331 2038 
332 2037 
333 2037 
334 2037 
335 2037 
336 2037 
337 2037 
338 2037 
339 2037 
340 2037 
341 2037 
342 2038 
343 2037 
344 2038 
345 2037 
346 2037 
347 2037 
348 2037 
349 2037 
350 2037 
351 2037 
352 2037 
353 2038 
354 2038 
355 2037 
356 2037 
357 2037 
358 2037 
359 2037 
360 2037 
361 2037 
362 2038 
363 2038 
364 2037 
365 2037 
366 2037 
367 2038 
368 2037 
369 2037 
370 2037 
371 2037 
372 2037 
373 2037 
374 2037 
375 2037 
376 2037 
377 2037 
378 2037 
379 2037 
380 2037 
381 2037 
382 2038 
383 2037 
384 2037 
385 2037 
386 2038 
387 2037 
388 2037 
389 2037 
390 2037 
391 2038 
392 2037 
393 2037 
394 2038 
395 2037 
396 2037 
397 2037 
398 2037 
399 2037 
400 2038 
401 2037 
402 2037 
403 2037 
404 2037 
405 2038 
406 2037 
407 2038 
408 2037 
409 2037 
410 2037 
411 2037 
412 2037 
413 2037 
414 2037 
415 2038 
416 2037 
417 2037 
418 2038 
419 2037 
420 2037 
421 2037 
422 2037 
423 2037 
424 2038 
425 2037 
426 2037 
427 2037 
428 2037 
429 2037 
430 2037 
431 2037 
432 2037 
433 2037 
434 2037 
435 2037 
436 2038 
437 2037 
438 2038 
439 2037 
440 2037 
441 2037 
442 2037 
443 2037 
444 2037 
445 2037 
446 2037 
447 2038 
448 2037 
449 2037 
450 2037 
451 2037 
452 2037 
453 2037 
454 2037 
455 2037 
456 2037 
457 2037 
458 2037 
459 2037 
460 2037 
461 2037 
462 2037 
463 2037 
464 2038 
465 2037 
466 2037 
467 2037 
468 2038 
469 2037 
470 2038 
471 2037 
472 2038 
473 2037 
474 2037 
475 2037 
476 2037 
477 2038 
478 2037 
479 2037 
480 2038 
481 2037 
482 2037 
483 2037 
484 2038 
485 2038 
486 2037 
487 2037 
488 2037 
489 2038 
490 2037 
491 2037 
492 2037 
493 2037 
494 2037 
495 2038 
496 2037 
497 2037 
498 2037 
499 2037 
500 2037 
