1 2105 
2 2105 
3 2105 
4 2104 
5 2104 
6 2105 
7 2105 
8 2105 
9 2105 
10 2105 
11 2104 
12 2104 
13 2105 
14 2105 
15 2105 
16 2105 
17 2104 
18 2105 
19 2105 
20 2105 
21 2104 
22 2105 
23 2105 
24 2105 
25 2104 
26 2105 
27 2105 
28 2104 
29 2105 
30 2104 
31 2105 
32 2105 
33 2105 
34 2105 
35 2104 
36 2105 
37 2105 
38 2105 
39 2105 
40 2105 
41 2104 
42 2105 
43 2105 
44 2105 
45 2105 
46 2105 
47 2104 
48 2105 
49 2105 
50 2105 
51 2105 
52 2104 
53 2104 
54 2104 
55 2105 
56 2104 
57 2104 
58 2106 
59 2104 
60 2105 
61 2105 
62 2105 
63 2105 
64 2105 
65 2105 
66 2105 
67 2105 
68 2104 
69 2105 
70 2104 
71 2105 
72 2105 
73 2104 
74 2104 
75 2104 
76 2105 
77 2105 
78 2105 
79 2104 
80 2105 
81 2105 
82 2104 
83 2105 
84 2105 
85 2105 
86 2104 
87 2105 
88 2104 
89 2105 
90 2105 
91 2104 
92 2105 
93 2105 
94 2105 
95 2104 
96 2104 
97 2104 
98 2104 
99 2104 
100 2105 
101 2105 
102 2105 
103 2105 
104 2105 
105 2105 
106 2104 
107 2104 
108 2105 
109 2104 
110 2104 
111 2104 
112 2104 
113 2105 
114 2105 
115 2104 
116 2105 
117 2104 
118 2104 
119 2105 
120 2105 
121 2105 
122 2105 
123 2104 
124 2105 
125 2105 
126 2105 
127 2105 
128 2105 
129 2105 
130 2105 
131 2104 
132 2105 
133 2104 
134 2104 
135 2104 
136 2105 
137 2105 
138 2105 
139 2105 
140 2105 
141 2105 
142 2105 
143 2104 
144 2104 
145 2104 
146 2104 
147 2105 
148 2104 
149 2104 
150 2104 
151 2105 
152 2104 
153 2105 
154 2104 
155 2105 
156 2104 
157 2105 
158 2104 
159 2104 
160 2104 
161 2105 
162 2104 
163 2105 
164 2105 
165 2105 
166 2105 
167 2105 
168 2105 
169 2105 
170 2104 
171 2104 
172 2105 
173 2104 
174 2104 
175 2104 
176 2105 
177 2105 
178 2105 
179 2104 
180 2104 
181 2105 
182 2104 
183 2104 
184 2104 
185 2105 
186 2106 
187 2105 
188 2105 
189 2104 
190 2105 
191 2105 
192 2104 
193 2105 
194 2105 
195 2104 
196 2104 
197 2105 
198 2104 
199 2104 
200 2104 
201 2105 
202 2105 
203 2104 
204 2105 
205 2104 
206 2105 
207 2105 
208 2104 
209 2105 
210 2105 
211 2104 
212 2105 
213 2104 
214 2104 
215 2105 
216 2104 
217 2105 
218 2106 
219 2105 
220 2105 
221 2105 
222 2104 
223 2104 
224 2104 
225 2105 
226 2105 
227 2104 
228 2104 
229 2104 
230 2104 
231 2105 
232 2105 
233 2104 
234 2105 
235 2105 
236 2105 
237 2105 
238 2105 
239 2105 
240 2104 
241 2105 
242 2105 
243 2104 
244 2105 
245 2104 
246 2105 
247 2105 
248 2105 
249 2105 
250 2105 
251 2105 
252 2105 
253 2105 
254 2105 
255 2105 
256 2105 
257 2105 
258 2104 
259 2105 
260 2105 
261 2104 
262 2104 
263 2105 
264 2104 
265 2105 
266 2105 
267 2105 
268 2104 
269 2105 
270 2105 
271 2105 
272 2104 
273 2105 
274 2104 
275 2104 
276 2105 
277 2104 
278 2105 
279 2105 
280 2104 
281 2105 
282 2105 
283 2104 
284 2104 
285 2105 
286 2105 
287 2105 
288 2105 
289 2105 
290 2105 
291 2105 
292 2105 
293 2105 
294 2104 
295 2105 
296 2104 
297 2105 
298 2104 
299 2104 
300 2105 
301 2105 
302 2105 
303 2104 
304 2104 
305 2104 
306 2105 
307 2104 
308 2105 
309 2105 
310 2105 
311 2105 
312 2104 
313 2105 
314 2105 
315 2105 
316 2104 
317 2104 
318 2105 
319 2105 
320 2104 
321 2105 
322 2104 
323 2104 
324 2105 
325 2104 
326 2105 
327 2105 
328 2104 
329 2105 
330 2105 
331 2105 
332 2104 
333 2104 
334 2105 
335 2105 
336 2105 
337 2105 
338 2104 
339 2104 
340 2105 
341 2105 
342 2105 
343 2105 
344 2104 
345 2104 
346 2105 
347 2104 
348 2105 
349 2104 
350 2105 
351 2105 
352 2104 
353 2105 
354 2105 
355 2104 
356 2104 
357 2105 
358 2105 
359 2105 
360 2105 
361 2105 
362 2104 
363 2104 
364 2105 
365 2105 
366 2105 
367 2105 
368 2104 
369 2104 
370 2105 
371 2105 
372 2105 
373 2105 
374 2104 
375 2105 
376 2105 
377 2105 
378 2105 
379 2105 
380 2105 
381 2104 
382 2104 
383 2105 
384 2104 
385 2104 
386 2104 
387 2105 
388 2104 
389 2104 
390 2105 
391 2104 
392 2104 
393 2104 
394 2104 
395 2105 
396 2105 
397 2104 
398 2105 
399 2104 
400 2104 
401 2104 
402 2105 
403 2105 
404 2105 
405 2104 
406 2105 
407 2105 
408 2104 
409 2105 
410 2105 
411 2104 
412 2105 
413 2105 
414 2104 
415 2105 
416 2105 
417 2105 
418 2105 
419 2105 
420 2105 
421 2104 
422 2105 
423 2104 
424 2104 
425 2104 
426 2105 
427 2105 
428 2105 
429 2105 
430 2104 
431 2105 
432 2105 
433 2104 
434 2105 
435 2105 
436 2105 
437 2105 
438 2105 
439 2104 
440 2105 
441 2104 
442 2104 
443 2105 
444 2105 
445 2105 
446 2104 
447 2105 
448 2104 
449 2105 
450 2105 
451 2105 
452 2105 
453 2104 
454 2104 
455 2104 
456 2105 
457 2105 
458 2105 
459 2104 
460 2105 
461 2104 
462 2104 
463 2104 
464 2105 
465 2105 
466 2105 
467 2105 
468 2105 
469 2104 
470 2104 
471 2104 
472 2104 
473 2104 
474 2105 
475 2105 
476 2105 
477 2105 
478 2104 
479 2105 
480 2104 
481 2105 
482 2105 
483 2105 
484 2104 
485 2105 
486 2105 
487 2105 
488 2104 
489 2105 
490 2105 
491 2105 
492 2105 
493 2104 
494 2105 
495 2105 
496 2104 
497 2105 
498 2104 
499 2105 
500 2105 
