1 2168 
2 2169 
3 2169 
4 2169 
5 2169 
6 2168 
7 2169 
8 2168 
9 2168 
10 2169 
11 2168 
12 2168 
13 2168 
14 2168 
15 2168 
16 2168 
17 2168 
18 2169 
19 2169 
20 2168 
21 2168 
22 2168 
23 2169 
24 2168 
25 2168 
26 2168 
27 2169 
28 2168 
29 2168 
30 2168 
31 2168 
32 2168 
33 2168 
34 2168 
35 2169 
36 2169 
37 2168 
38 2168 
39 2168 
40 2168 
41 2169 
42 2169 
43 2169 
44 2168 
45 2169 
46 2168 
47 2168 
48 2168 
49 2168 
50 2169 
51 2168 
52 2168 
53 2168 
54 2169 
55 2169 
56 2168 
57 2168 
58 2168 
59 2169 
60 2169 
61 2168 
62 2168 
63 2168 
64 2169 
65 2169 
66 2168 
67 2168 
68 2168 
69 2169 
70 2168 
71 2169 
72 2168 
73 2169 
74 2168 
75 2168 
76 2168 
77 2169 
78 2169 
79 2168 
80 2168 
81 2168 
82 2168 
83 2168 
84 2169 
85 2168 
86 2168 
87 2169 
88 2168 
89 2168 
90 2168 
91 2168 
92 2168 
93 2168 
94 2169 
95 2168 
96 2168 
97 2168 
98 2168 
99 2168 
100 2168 
101 2169 
102 2168 
103 2168 
104 2168 
105 2168 
106 2169 
107 2169 
108 2169 
109 2169 
110 2168 
111 2169 
112 2168 
113 2169 
114 2168 
115 2168 
116 2168 
117 2168 
118 2168 
119 2168 
120 2168 
121 2168 
122 2168 
123 2169 
124 2169 
125 2169 
126 2168 
127 2168 
128 2168 
129 2168 
130 2169 
131 2168 
132 2169 
133 2169 
134 2168 
135 2169 
136 2168 
137 2168 
138 2169 
139 2168 
140 2168 
141 2168 
142 2168 
143 2169 
144 2168 
145 2169 
146 2169 
147 2168 
148 2168 
149 2168 
150 2168 
151 2168 
152 2169 
153 2169 
154 2168 
155 2168 
156 2168 
157 2168 
158 2169 
159 2169 
160 2168 
161 2169 
162 2168 
163 2168 
164 2168 
165 2168 
166 2169 
167 2168 
168 2168 
169 2168 
170 2169 
171 2168 
172 2168 
173 2168 
174 2168 
175 2168 
176 2169 
177 2168 
178 2168 
179 2168 
180 2168 
181 2168 
182 2169 
183 2168 
184 2168 
185 2168 
186 2168 
187 2169 
188 2168 
189 2168 
190 2169 
191 2168 
192 2168 
193 2168 
194 2168 
195 2168 
196 2168 
197 2169 
198 2168 
199 2169 
200 2168 
201 2168 
202 2168 
203 2168 
204 2168 
205 2168 
206 2168 
207 2168 
208 2168 
209 2169 
210 2169 
211 2168 
212 2168 
213 2168 
214 2168 
215 2168 
216 2168 
217 2168 
218 2168 
219 2168 
220 2168 
221 2168 
222 2169 
223 2169 
224 2168 
225 2169 
226 2168 
227 2168 
228 2169 
229 2168 
230 2168 
231 2169 
232 2169 
233 2168 
234 2168 
235 2168 
236 2169 
237 2168 
238 2168 
239 2168 
240 2168 
241 2169 
242 2168 
243 2168 
244 2168 
245 2168 
246 2168 
247 2168 
248 2168 
249 2168 
250 2168 
251 2168 
252 2168 
253 2168 
254 2169 
255 2169 
256 2168 
257 2169 
258 2168 
259 2168 
260 2168 
261 2168 
262 2169 
263 2168 
264 2168 
265 2169 
266 2168 
267 2168 
268 2168 
269 2168 
270 2168 
271 2168 
272 2169 
273 2168 
274 2168 
275 2168 
276 2168 
277 2168 
278 2168 
279 2169 
280 2168 
281 2168 
282 2168 
283 2168 
284 2168 
285 2168 
286 2169 
287 2169 
288 2168 
289 2168 
290 2169 
291 2168 
292 2168 
293 2168 
294 2168 
295 2169 
296 2168 
297 2168 
298 2169 
299 2168 
300 2168 
301 2168 
302 2168 
303 2168 
304 2168 
305 2168 
306 2168 
307 2168 
308 2168 
309 2168 
310 2168 
311 2168 
312 2168 
313 2168 
314 2169 
315 2168 
316 2168 
317 2168 
318 2169 
319 2169 
320 2168 
321 2168 
322 2168 
323 2168 
324 2168 
325 2168 
326 2169 
327 2169 
328 2168 
329 2169 
330 2168 
331 2168 
332 2168 
333 2168 
334 2169 
335 2169 
336 2168 
337 2168 
338 2168 
339 2169 
340 2169 
341 2169 
342 2169 
343 2168 
344 2168 
345 2168 
346 2168 
347 2168 
348 2168 
349 2168 
350 2168 
351 2169 
352 2168 
353 2168 
354 2168 
355 2168 
356 2169 
357 2168 
358 2168 
359 2168 
360 2169 
361 2168 
362 2168 
363 2168 
364 2168 
365 2168 
366 2169 
367 2168 
368 2168 
369 2168 
370 2168 
371 2168 
372 2168 
373 2168 
374 2169 
375 2168 
376 2168 
377 2168 
378 2168 
379 2168 
380 2168 
381 2169 
382 2168 
383 2169 
384 2168 
385 2169 
386 2168 
387 2169 
388 2168 
389 2168 
390 2168 
391 2168 
392 2168 
393 2168 
394 2168 
395 2169 
396 2168 
397 2168 
398 2168 
399 2168 
400 2168 
401 2168 
402 2168 
403 2168 
404 2169 
405 2168 
406 2168 
407 2168 
408 2168 
409 2168 
410 2168 
411 2168 
412 2168 
413 2168 
414 2168 
415 2168 
416 2168 
417 2168 
418 2168 
419 2168 
420 2169 
421 2168 
422 2168 
423 2168 
424 2168 
425 2168 
426 2168 
427 2168 
428 2169 
429 2168 
430 2168 
431 2168 
432 2168 
433 2168 
434 2168 
435 2168 
436 2169 
437 2168 
438 2168 
439 2168 
440 2168 
441 2168 
442 2168 
443 2169 
444 2168 
445 2169 
446 2168 
447 2168 
448 2169 
449 2169 
450 2168 
451 2168 
452 2168 
453 2168 
454 2168 
455 2168 
456 2168 
457 2169 
458 2168 
459 2168 
460 2168 
461 2168 
462 2168 
463 2168 
464 2169 
465 2168 
466 2168 
467 2169 
468 2168 
469 2168 
470 2168 
471 2168 
472 2168 
473 2168 
474 2169 
475 2168 
476 2168 
477 2169 
478 2169 
479 2168 
480 2168 
481 2169 
482 2168 
483 2168 
484 2169 
485 2168 
486 2168 
487 2168 
488 2168 
489 2168 
490 2169 
491 2168 
492 2169 
493 2168 
494 2168 
495 2168 
496 2168 
497 2169 
498 2168 
499 2168 
500 2168 
