1 2315 
2 2315 
3 2315 
4 2315 
5 2315 
6 2315 
7 2315 
8 2314 
9 2314 
10 2314 
11 2315 
12 2315 
13 2315 
14 2315 
15 2315 
16 2315 
17 2315 
18 2315 
19 2314 
20 2315 
21 2315 
22 2315 
23 2315 
24 2314 
25 2315 
26 2315 
27 2315 
28 2315 
29 2315 
30 2315 
31 2316 
32 2315 
33 2315 
34 2315 
35 2315 
36 2315 
37 2315 
38 2315 
39 2315 
40 2315 
41 2315 
42 2314 
43 2315 
44 2314 
45 2315 
46 2315 
47 2315 
48 2314 
49 2314 
50 2315 
51 2315 
52 2315 
53 2315 
54 2315 
55 2315 
56 2315 
57 2315 
58 2314 
59 2314 
60 2315 
61 2315 
62 2315 
63 2315 
64 2315 
65 2315 
66 2315 
67 2315 
68 2315 
69 2314 
70 2316 
71 2315 
72 2315 
73 2315 
74 2315 
75 2315 
76 2315 
77 2314 
78 2315 
79 2314 
80 2315 
81 2315 
82 2315 
83 2315 
84 2315 
85 2315 
86 2315 
87 2315 
88 2315 
89 2315 
90 2315 
91 2315 
92 2315 
93 2316 
94 2315 
95 2315 
96 2315 
97 2315 
98 2315 
99 2315 
100 2315 
101 2315 
102 2315 
103 2315 
104 2315 
105 2315 
106 2316 
107 2315 
108 2315 
109 2315 
110 2315 
111 2316 
112 2315 
113 2315 
114 2315 
115 2315 
116 2315 
117 2315 
118 2315 
119 2315 
120 2315 
121 2315 
122 2315 
123 2316 
124 2316 
125 2315 
126 2315 
127 2315 
128 2315 
129 2315 
130 2315 
131 2315 
132 2315 
133 2315 
134 2314 
135 2315 
136 2315 
137 2315 
138 2315 
139 2315 
140 2315 
141 2315 
142 2315 
143 2315 
144 2315 
145 2314 
146 2315 
147 2315 
148 2315 
149 2315 
150 2315 
151 2316 
152 2315 
153 2315 
154 2315 
155 2315 
156 2315 
157 2315 
158 2315 
159 2315 
160 2315 
161 2315 
162 2315 
163 2315 
164 2315 
165 2315 
166 2315 
167 2315 
168 2315 
169 2315 
170 2315 
171 2315 
172 2315 
173 2315 
174 2315 
175 2315 
176 2315 
177 2315 
178 2315 
179 2315 
180 2315 
181 2315 
182 2315 
183 2315 
184 2315 
185 2315 
186 2315 
187 2315 
188 2315 
189 2314 
190 2315 
191 2315 
192 2315 
193 2315 
194 2315 
195 2315 
196 2315 
197 2315 
198 2315 
199 2315 
200 2315 
201 2316 
202 2314 
203 2316 
204 2315 
205 2315 
206 2314 
207 2315 
208 2314 
209 2315 
210 2315 
211 2315 
212 2315 
213 2316 
214 2315 
215 2315 
216 2315 
217 2315 
218 2315 
219 2315 
220 2315 
221 2315 
222 2315 
223 2314 
224 2315 
225 2315 
226 2315 
227 2314 
228 2315 
229 2315 
230 2315 
231 2315 
232 2316 
233 2315 
234 2315 
235 2315 
236 2315 
237 2315 
238 2314 
239 2315 
240 2314 
241 2315 
242 2315 
243 2315 
244 2315 
245 2315 
246 2314 
247 2315 
248 2315 
249 2316 
250 2315 
251 2315 
252 2315 
253 2315 
254 2314 
255 2314 
256 2315 
257 2315 
258 2315 
259 2315 
260 2315 
261 2315 
262 2315 
263 2315 
264 2315 
265 2315 
266 2315 
267 2315 
268 2315 
269 2314 
270 2315 
271 2315 
272 2315 
273 2315 
274 2315 
275 2315 
276 2315 
277 2315 
278 2315 
279 2315 
280 2316 
281 2315 
282 2314 
283 2315 
284 2315 
285 2315 
286 2315 
287 2315 
288 2315 
289 2315 
290 2314 
291 2315 
292 2315 
293 2315 
294 2316 
295 2315 
296 2315 
297 2315 
298 2315 
299 2315 
300 2315 
301 2315 
302 2315 
303 2315 
304 2315 
305 2315 
306 2314 
307 2315 
308 2315 
309 2314 
310 2315 
311 2315 
312 2315 
313 2315 
314 2315 
315 2315 
316 2315 
317 2315 
318 2315 
319 2315 
320 2315 
321 2315 
322 2315 
323 2315 
324 2315 
325 2315 
326 2315 
327 2315 
328 2315 
329 2315 
330 2314 
331 2315 
332 2316 
333 2314 
334 2315 
335 2315 
336 2315 
337 2315 
338 2315 
339 2315 
340 2315 
341 2315 
342 2315 
343 2315 
344 2314 
345 2315 
346 2315 
347 2315 
348 2315 
349 2314 
350 2315 
351 2315 
352 2315 
353 2315 
354 2315 
355 2315 
356 2315 
357 2315 
358 2315 
359 2315 
360 2315 
361 2315 
362 2315 
363 2315 
364 2316 
365 2316 
366 2315 
367 2314 
368 2315 
369 2315 
370 2315 
371 2314 
372 2314 
373 2315 
374 2314 
375 2315 
376 2315 
377 2315 
378 2314 
379 2315 
380 2315 
381 2315 
382 2315 
383 2315 
384 2315 
385 2315 
386 2315 
387 2315 
388 2315 
389 2315 
390 2315 
391 2315 
392 2315 
393 2315 
394 2315 
395 2315 
396 2315 
397 2315 
398 2315 
399 2315 
400 2315 
401 2315 
402 2315 
403 2315 
404 2315 
405 2315 
406 2315 
407 2315 
408 2315 
409 2315 
410 2315 
411 2316 
412 2315 
413 2315 
414 2316 
415 2315 
416 2315 
417 2315 
418 2315 
419 2315 
420 2315 
421 2315 
422 2315 
423 2315 
424 2315 
425 2315 
426 2315 
427 2315 
428 2315 
429 2315 
430 2315 
431 2315 
432 2315 
433 2315 
434 2315 
435 2314 
436 2315 
437 2315 
438 2315 
439 2314 
440 2315 
441 2315 
442 2315 
443 2315 
444 2315 
445 2315 
446 2315 
447 2316 
448 2315 
449 2314 
450 2315 
451 2315 
452 2315 
453 2315 
454 2315 
455 2315 
456 2315 
457 2314 
458 2316 
459 2315 
460 2315 
461 2315 
462 2315 
463 2315 
464 2315 
465 2316 
466 2315 
467 2315 
468 2315 
469 2314 
470 2315 
471 2315 
472 2315 
473 2315 
474 2315 
475 2316 
476 2315 
477 2315 
478 2315 
479 2314 
480 2315 
481 2314 
482 2315 
483 2315 
484 2315 
485 2314 
486 2315 
487 2315 
488 2315 
489 2315 
490 2315 
491 2315 
492 2315 
493 2315 
494 2314 
495 2314 
496 2314 
497 2315 
498 2315 
499 2315 
500 2315 
