1 2354 
2 2354 
3 2354 
4 2354 
5 2354 
6 2355 
7 2354 
8 2355 
9 2354 
10 2354 
11 2354 
12 2354 
13 2354 
14 2355 
15 2354 
16 2355 
17 2355 
18 2355 
19 2355 
20 2354 
21 2354 
22 2355 
23 2354 
24 2355 
25 2355 
26 2354 
27 2354 
28 2354 
29 2354 
30 2355 
31 2355 
32 2355 
33 2354 
34 2355 
35 2354 
36 2354 
37 2355 
38 2354 
39 2354 
40 2355 
41 2355 
42 2354 
43 2354 
44 2354 
45 2355 
46 2354 
47 2354 
48 2355 
49 2355 
50 2354 
51 2354 
52 2354 
53 2355 
54 2355 
55 2354 
56 2354 
57 2354 
58 2354 
59 2355 
60 2354 
61 2354 
62 2355 
63 2355 
64 2354 
65 2354 
66 2355 
67 2354 
68 2354 
69 2355 
70 2355 
71 2354 
72 2354 
73 2355 
74 2354 
75 2355 
76 2354 
77 2354 
78 2355 
79 2354 
80 2354 
81 2355 
82 2354 
83 2354 
84 2354 
85 2355 
86 2354 
87 2355 
88 2355 
89 2355 
90 2354 
91 2354 
92 2354 
93 2355 
94 2355 
95 2355 
96 2354 
97 2354 
98 2354 
99 2354 
100 2354 
101 2354 
102 2355 
103 2354 
104 2354 
105 2354 
106 2354 
107 2355 
108 2354 
109 2355 
110 2354 
111 2354 
112 2354 
113 2354 
114 2354 
115 2354 
116 2354 
117 2355 
118 2355 
119 2354 
120 2355 
121 2354 
122 2354 
123 2355 
124 2354 
125 2355 
126 2354 
127 2355 
128 2355 
129 2354 
130 2354 
131 2354 
132 2354 
133 2355 
134 2355 
135 2355 
136 2354 
137 2354 
138 2355 
139 2355 
140 2355 
141 2355 
142 2354 
143 2355 
144 2355 
145 2354 
146 2355 
147 2355 
148 2355 
149 2355 
150 2355 
151 2355 
152 2355 
153 2354 
154 2354 
155 2355 
156 2354 
157 2355 
158 2355 
159 2355 
160 2355 
161 2354 
162 2355 
163 2354 
164 2354 
165 2354 
166 2355 
167 2355 
168 2355 
169 2354 
170 2355 
171 2355 
172 2355 
173 2354 
174 2355 
175 2354 
176 2355 
177 2355 
178 2355 
179 2354 
180 2355 
181 2355 
182 2354 
183 2355 
184 2355 
185 2355 
186 2355 
187 2355 
188 2355 
189 2354 
190 2354 
191 2355 
192 2355 
193 2354 
194 2354 
195 2354 
196 2354 
197 2355 
198 2355 
199 2354 
200 2355 
201 2354 
202 2354 
203 2354 
204 2354 
205 2354 
206 2355 
207 2355 
208 2354 
209 2355 
210 2355 
211 2355 
212 2354 
213 2355 
214 2354 
215 2354 
216 2355 
217 2354 
218 2355 
219 2355 
220 2355 
221 2354 
222 2354 
223 2355 
224 2354 
225 2354 
226 2355 
227 2355 
228 2354 
229 2355 
230 2355 
231 2355 
232 2354 
233 2354 
234 2354 
235 2354 
236 2354 
237 2354 
238 2354 
239 2355 
240 2354 
241 2355 
242 2355 
243 2354 
244 2355 
245 2354 
246 2354 
247 2355 
248 2354 
249 2354 
250 2354 
251 2355 
252 2355 
253 2355 
254 2355 
255 2354 
256 2355 
257 2355 
258 2355 
259 2355 
260 2355 
261 2354 
262 2354 
263 2354 
264 2354 
265 2355 
266 2354 
267 2354 
268 2354 
269 2355 
270 2355 
271 2355 
272 2355 
273 2354 
274 2354 
275 2354 
276 2354 
277 2354 
278 2354 
279 2354 
280 2354 
281 2354 
282 2354 
283 2354 
284 2355 
285 2354 
286 2354 
287 2355 
288 2355 
289 2355 
290 2354 
291 2355 
292 2355 
293 2354 
294 2355 
295 2355 
296 2354 
297 2354 
298 2355 
299 2354 
300 2354 
301 2355 
302 2354 
303 2355 
304 2355 
305 2354 
306 2354 
307 2355 
308 2355 
309 2355 
310 2355 
311 2355 
312 2355 
313 2355 
314 2355 
315 2354 
316 2354 
317 2354 
318 2355 
319 2355 
320 2355 
321 2355 
322 2354 
323 2355 
324 2354 
325 2355 
326 2354 
327 2355 
328 2355 
329 2354 
330 2354 
331 2354 
332 2355 
333 2354 
334 2355 
335 2355 
336 2354 
337 2354 
338 2355 
339 2354 
340 2354 
341 2355 
342 2354 
343 2355 
344 2355 
345 2355 
346 2354 
347 2354 
348 2354 
349 2355 
350 2355 
351 2355 
352 2355 
353 2354 
354 2355 
355 2355 
356 2354 
357 2355 
358 2354 
359 2355 
360 2355 
361 2354 
362 2354 
363 2355 
364 2354 
365 2354 
366 2355 
367 2354 
368 2355 
369 2354 
370 2355 
371 2355 
372 2354 
373 2354 
374 2355 
375 2355 
376 2355 
377 2355 
378 2354 
379 2354 
380 2354 
381 2354 
382 2354 
383 2354 
384 2355 
385 2354 
386 2354 
387 2355 
388 2355 
389 2355 
390 2355 
391 2355 
392 2355 
393 2355 
394 2355 
395 2354 
396 2354 
397 2354 
398 2355 
399 2355 
400 2355 
401 2355 
402 2354 
403 2354 
404 2354 
405 2355 
406 2355 
407 2354 
408 2355 
409 2355 
410 2355 
411 2355 
412 2354 
413 2354 
414 2355 
415 2354 
416 2354 
417 2354 
418 2355 
419 2354 
420 2354 
421 2355 
422 2355 
423 2354 
424 2354 
425 2355 
426 2355 
427 2354 
428 2355 
429 2355 
430 2355 
431 2354 
432 2355 
433 2354 
434 2354 
435 2354 
436 2354 
437 2355 
438 2354 
439 2354 
440 2354 
441 2354 
442 2354 
443 2354 
444 2354 
445 2354 
446 2354 
447 2354 
448 2355 
449 2354 
450 2354 
451 2354 
452 2354 
453 2355 
454 2355 
455 2354 
456 2355 
457 2354 
458 2354 
459 2354 
460 2355 
461 2355 
462 2355 
463 2354 
464 2354 
465 2354 
466 2355 
467 2354 
468 2355 
469 2354 
470 2354 
471 2354 
472 2354 
473 2354 
474 2355 
475 2355 
476 2355 
477 2355 
478 2355 
479 2355 
480 2354 
481 2355 
482 2355 
483 2355 
484 2355 
485 2355 
486 2355 
487 2354 
488 2355 
489 2355 
490 2354 
491 2354 
492 2354 
493 2355 
494 2354 
495 2354 
496 2355 
497 2355 
498 2354 
499 2355 
500 2354 
