1 2932 
2 2932 
3 2932 
4 2933 
5 2933 
6 2933 
7 2933 
8 2933 
9 2933 
10 2932 
11 2933 
12 2933 
13 2933 
14 2933 
15 2933 
16 2932 
17 2932 
18 2933 
19 2933 
20 2932 
21 2932 
22 2933 
23 2933 
24 2934 
25 2933 
26 2933 
27 2933 
28 2933 
29 2933 
30 2933 
31 2933 
32 2933 
33 2933 
34 2932 
35 2932 
36 2933 
37 2932 
38 2932 
39 2933 
40 2933 
41 2933 
42 2933 
43 2932 
44 2932 
45 2932 
46 2933 
47 2934 
48 2933 
49 2933 
50 2932 
51 2933 
52 2933 
53 2933 
54 2934 
55 2933 
56 2933 
57 2932 
58 2932 
59 2933 
60 2933 
61 2932 
62 2933 
63 2933 
64 2933 
65 2933 
66 2933 
67 2934 
68 2933 
69 2932 
70 2933 
71 2932 
72 2933 
73 2933 
74 2932 
75 2933 
76 2933 
77 2933 
78 2933 
79 2932 
80 2932 
81 2933 
82 2933 
83 2933 
84 2933 
85 2932 
86 2933 
87 2933 
88 2933 
89 2932 
90 2933 
91 2933 
92 2933 
93 2932 
94 2933 
95 2933 
96 2933 
97 2933 
98 2932 
99 2933 
100 2933 
101 2932 
102 2933 
103 2932 
104 2933 
105 2933 
106 2932 
107 2933 
108 2933 
109 2933 
110 2932 
111 2933 
112 2932 
113 2933 
114 2932 
115 2933 
116 2933 
117 2933 
118 2933 
119 2933 
120 2933 
121 2933 
122 2932 
123 2933 
124 2933 
125 2933 
126 2933 
127 2933 
128 2933 
129 2933 
130 2933 
131 2933 
132 2933 
133 2932 
134 2933 
135 2932 
136 2933 
137 2933 
138 2933 
139 2933 
140 2932 
141 2932 
142 2933 
143 2933 
144 2933 
145 2932 
146 2933 
147 2933 
148 2933 
149 2933 
150 2932 
151 2932 
152 2932 
153 2933 
154 2933 
155 2933 
156 2933 
157 2933 
158 2933 
159 2933 
160 2933 
161 2932 
162 2933 
163 2933 
164 2933 
165 2932 
166 2933 
167 2932 
168 2932 
169 2933 
170 2932 
171 2933 
172 2933 
173 2933 
174 2933 
175 2933 
176 2933 
177 2933 
178 2933 
179 2933 
180 2933 
181 2933 
182 2933 
183 2933 
184 2932 
185 2933 
186 2933 
187 2933 
188 2933 
189 2932 
190 2933 
191 2932 
192 2933 
193 2933 
194 2932 
195 2932 
196 2933 
197 2933 
198 2933 
199 2933 
200 2933 
201 2933 
202 2932 
203 2934 
204 2932 
205 2932 
206 2932 
207 2932 
208 2932 
209 2932 
210 2932 
211 2933 
212 2932 
213 2932 
214 2933 
215 2932 
216 2933 
217 2934 
218 2933 
219 2932 
220 2933 
221 2932 
222 2933 
223 2933 
224 2933 
225 2933 
226 2933 
227 2933 
228 2933 
229 2933 
230 2932 
231 2932 
232 2933 
233 2933 
234 2933 
235 2932 
236 2932 
237 2933 
238 2932 
239 2933 
240 2933 
241 2933 
242 2933 
243 2932 
244 2933 
245 2933 
246 2933 
247 2933 
248 2933 
249 2933 
250 2932 
251 2932 
252 2932 
253 2933 
254 2933 
255 2932 
256 2933 
257 2933 
258 2933 
259 2933 
260 2933 
261 2933 
262 2934 
263 2933 
264 2933 
265 2933 
266 2932 
267 2932 
268 2933 
269 2933 
270 2932 
271 2933 
272 2933 
273 2933 
274 2933 
275 2933 
276 2933 
277 2933 
278 2933 
279 2933 
280 2933 
281 2932 
282 2933 
283 2933 
284 2932 
285 2933 
286 2933 
287 2933 
288 2933 
289 2932 
290 2933 
291 2933 
292 2933 
293 2933 
294 2932 
295 2933 
296 2932 
297 2933 
298 2933 
299 2933 
300 2932 
301 2933 
302 2933 
303 2932 
304 2932 
305 2933 
306 2932 
307 2933 
308 2933 
309 2933 
310 2933 
311 2932 
312 2933 
313 2933 
314 2934 
315 2933 
316 2933 
317 2932 
318 2933 
319 2933 
320 2932 
321 2933 
322 2933 
323 2932 
324 2933 
325 2933 
326 2932 
327 2933 
328 2933 
329 2932 
330 2932 
331 2933 
332 2932 
333 2933 
334 2933 
335 2933 
336 2933 
337 2932 
338 2933 
339 2932 
340 2933 
341 2933 
342 2933 
343 2933 
344 2933 
345 2933 
346 2933 
347 2933 
348 2933 
349 2933 
350 2933 
351 2933 
352 2932 
353 2932 
354 2932 
355 2933 
356 2933 
357 2933 
358 2933 
359 2933 
360 2932 
361 2933 
362 2933 
363 2932 
364 2933 
365 2932 
366 2933 
367 2933 
368 2933 
369 2932 
370 2933 
371 2933 
372 2933 
373 2933 
374 2933 
375 2932 
376 2932 
377 2932 
378 2933 
379 2933 
380 2932 
381 2932 
382 2932 
383 2933 
384 2933 
385 2932 
386 2933 
387 2933 
388 2933 
389 2933 
390 2933 
391 2933 
392 2932 
393 2933 
394 2933 
395 2933 
396 2933 
397 2933 
398 2932 
399 2932 
400 2932 
401 2932 
402 2933 
403 2934 
404 2933 
405 2933 
406 2932 
407 2933 
408 2932 
409 2933 
410 2934 
411 2933 
412 2932 
413 2933 
414 2932 
415 2933 
416 2932 
417 2933 
418 2933 
419 2933 
420 2933 
421 2932 
422 2933 
423 2933 
424 2932 
425 2932 
426 2933 
427 2933 
428 2933 
429 2933 
430 2933 
431 2933 
432 2933 
433 2933 
434 2933 
435 2932 
436 2933 
437 2933 
438 2933 
439 2933 
440 2933 
441 2932 
442 2932 
443 2933 
444 2933 
445 2933 
446 2932 
447 2933 
448 2933 
449 2933 
450 2932 
451 2933 
452 2933 
453 2932 
454 2932 
455 2933 
456 2932 
457 2932 
458 2932 
459 2933 
460 2933 
461 2932 
462 2932 
463 2933 
464 2933 
465 2932 
466 2932 
467 2933 
468 2933 
469 2933 
470 2932 
471 2933 
472 2933 
473 2932 
474 2933 
475 2933 
476 2933 
477 2932 
478 2932 
479 2932 
480 2933 
481 2933 
482 2933 
483 2933 
484 2932 
485 2933 
486 2932 
487 2934 
488 2932 
489 2933 
490 2933 
491 2933 
492 2933 
493 2933 
494 2932 
495 2933 
496 2933 
497 2932 
498 2933 
499 2933 
500 2932 
