1 3064 
2 3064 
3 3064 
4 3065 
5 3064 
6 3064 
7 3064 
8 3064 
9 3064 
10 3064 
11 3064 
12 3064 
13 3064 
14 3064 
15 3064 
16 3065 
17 3064 
18 3064 
19 3064 
20 3064 
21 3064 
22 3064 
23 3064 
24 3065 
25 3065 
26 3065 
27 3066 
28 3065 
29 3064 
30 3064 
31 3065 
32 3064 
33 3064 
34 3064 
35 3064 
36 3064 
37 3064 
38 3065 
39 3064 
40 3065 
41 3064 
42 3064 
43 3064 
44 3064 
45 3064 
46 3064 
47 3065 
48 3064 
49 3064 
50 3064 
51 3064 
52 3065 
53 3065 
54 3064 
55 3064 
56 3064 
57 3064 
58 3064 
59 3064 
60 3065 
61 3065 
62 3064 
63 3064 
64 3064 
65 3064 
66 3064 
67 3065 
68 3064 
69 3064 
70 3064 
71 3064 
72 3064 
73 3064 
74 3065 
75 3064 
76 3065 
77 3065 
78 3064 
79 3065 
80 3064 
81 3065 
82 3064 
83 3064 
84 3063 
85 3064 
86 3065 
87 3064 
88 3064 
89 3064 
90 3064 
91 3065 
92 3064 
93 3065 
94 3064 
95 3065 
96 3065 
97 3065 
98 3064 
99 3063 
100 3064 
101 3064 
102 3064 
103 3064 
104 3064 
105 3065 
106 3064 
107 3064 
108 3064 
109 3064 
110 3064 
111 3064 
112 3064 
113 3064 
114 3064 
115 3064 
116 3064 
117 3064 
118 3065 
119 3065 
120 3064 
121 3065 
122 3064 
123 3064 
124 3064 
125 3065 
126 3064 
127 3064 
128 3064 
129 3064 
130 3064 
131 3064 
132 3064 
133 3064 
134 3064 
135 3065 
136 3064 
137 3064 
138 3064 
139 3064 
140 3064 
141 3064 
142 3064 
143 3064 
144 3064 
145 3064 
146 3064 
147 3064 
148 3064 
149 3064 
150 3064 
151 3064 
152 3064 
153 3064 
154 3064 
155 3065 
156 3064 
157 3064 
158 3064 
159 3064 
160 3065 
161 3064 
162 3064 
163 3064 
164 3064 
165 3064 
166 3064 
167 3064 
168 3064 
169 3065 
170 3064 
171 3064 
172 3065 
173 3064 
174 3064 
175 3064 
176 3064 
177 3064 
178 3063 
179 3064 
180 3065 
181 3064 
182 3064 
183 3065 
184 3064 
185 3064 
186 3064 
187 3064 
188 3064 
189 3064 
190 3064 
191 3064 
192 3065 
193 3064 
194 3064 
195 3064 
196 3064 
197 3064 
198 3064 
199 3064 
200 3065 
201 3064 
202 3064 
203 3064 
204 3064 
205 3064 
206 3064 
207 3064 
208 3064 
209 3063 
210 3064 
211 3064 
212 3064 
213 3064 
214 3064 
215 3064 
216 3063 
217 3064 
218 3063 
219 3064 
220 3064 
221 3064 
222 3063 
223 3064 
224 3064 
225 3063 
226 3064 
227 3064 
228 3064 
229 3064 
230 3064 
231 3064 
232 3064 
233 3065 
234 3065 
235 3064 
236 3064 
237 3064 
238 3064 
239 3064 
240 3064 
241 3064 
242 3063 
243 3064 
244 3064 
245 3064 
246 3064 
247 3064 
248 3064 
249 3064 
250 3063 
251 3063 
252 3064 
253 3064 
254 3064 
255 3064 
256 3063 
257 3064 
258 3064 
259 3064 
260 3064 
261 3064 
262 3064 
263 3064 
264 3064 
265 3064 
266 3064 
267 3064 
268 3064 
269 3063 
270 3064 
271 3063 
272 3064 
273 3064 
274 3065 
275 3064 
276 3064 
277 3065 
278 3064 
279 3064 
280 3064 
281 3064 
282 3064 
283 3064 
284 3064 
285 3064 
286 3064 
287 3064 
288 3063 
289 3064 
290 3064 
291 3064 
292 3064 
293 3064 
294 3064 
295 3064 
296 3064 
297 3064 
298 3065 
299 3063 
300 3064 
301 3064 
302 3064 
303 3064 
304 3064 
305 3064 
306 3064 
307 3064 
308 3064 
309 3065 
310 3065 
311 3064 
312 3064 
313 3064 
314 3064 
315 3065 
316 3064 
317 3064 
318 3063 
319 3064 
320 3064 
321 3064 
322 3063 
323 3064 
324 3064 
325 3064 
326 3063 
327 3064 
328 3063 
329 3064 
330 3064 
331 3065 
332 3064 
333 3064 
334 3063 
335 3064 
336 3064 
337 3064 
338 3064 
339 3064 
340 3064 
341 3064 
342 3064 
343 3064 
344 3064 
345 3064 
346 3064 
347 3064 
348 3065 
349 3064 
350 3063 
351 3064 
352 3064 
353 3064 
354 3064 
355 3064 
356 3063 
357 3063 
358 3063 
359 3063 
360 3064 
361 3064 
362 3064 
363 3064 
364 3064 
365 3064 
366 3064 
367 3064 
368 3064 
369 3064 
370 3064 
371 3064 
372 3064 
373 3063 
374 3064 
375 3063 
376 3064 
377 3064 
378 3064 
379 3064 
380 3064 
381 3064 
382 3064 
383 3064 
384 3064 
385 3064 
386 3064 
387 3064 
388 3064 
389 3064 
390 3064 
391 3064 
392 3064 
393 3064 
394 3064 
395 3064 
396 3064 
397 3064 
398 3064 
399 3064 
400 3064 
401 3064 
402 3064 
403 3063 
404 3064 
405 3064 
406 3064 
407 3064 
408 3064 
409 3064 
410 3064 
411 3064 
412 3064 
413 3064 
414 3064 
415 3064 
416 3063 
417 3064 
418 3064 
419 3063 
420 3064 
421 3064 
422 3064 
423 3064 
424 3064 
425 3064 
426 3064 
427 3063 
428 3064 
429 3064 
430 3064 
431 3064 
432 3064 
433 3064 
434 3064 
435 3064 
436 3064 
437 3063 
438 3064 
439 3063 
440 3064 
441 3063 
442 3064 
443 3063 
444 3063 
445 3063 
446 3064 
447 3064 
448 3064 
449 3064 
450 3064 
451 3063 
452 3064 
453 3064 
454 3064 
455 3064 
456 3064 
457 3064 
458 3065 
459 3064 
460 3064 
461 3064 
462 3064 
463 3064 
464 3064 
465 3064 
466 3064 
467 3064 
468 3064 
469 3064 
470 3064 
471 3064 
472 3064 
473 3064 
474 3064 
475 3064 
476 3064 
477 3063 
478 3064 
479 3064 
480 3064 
481 3063 
482 3063 
483 3064 
484 3064 
485 3063 
486 3064 
487 3063 
488 3063 
489 3064 
490 3064 
491 3064 
492 3064 
493 3065 
494 3063 
495 3064 
496 3064 
497 3064 
498 3063 
499 3063 
500 3063 
