1 3231 
2 3231 
3 3231 
4 3231 
5 3231 
6 3230 
7 3231 
8 3231 
9 3231 
10 3231 
11 3232 
12 3231 
13 3232 
14 3231 
15 3231 
16 3231 
17 3231 
18 3231 
19 3231 
20 3231 
21 3231 
22 3231 
23 3231 
24 3231 
25 3231 
26 3232 
27 3231 
28 3231 
29 3231 
30 3231 
31 3231 
32 3231 
33 3232 
34 3231 
35 3230 
36 3231 
37 3232 
38 3231 
39 3231 
40 3231 
41 3232 
42 3231 
43 3231 
44 3231 
45 3231 
46 3231 
47 3231 
48 3231 
49 3232 
50 3231 
51 3231 
52 3231 
53 3231 
54 3231 
55 3231 
56 3231 
57 3231 
58 3231 
59 3231 
60 3231 
61 3231 
62 3231 
63 3231 
64 3232 
65 3231 
66 3231 
67 3231 
68 3231 
69 3231 
70 3231 
71 3231 
72 3232 
73 3231 
74 3231 
75 3231 
76 3231 
77 3231 
78 3231 
79 3231 
80 3231 
81 3231 
82 3231 
83 3232 
84 3231 
85 3231 
86 3231 
87 3231 
88 3231 
89 3232 
90 3232 
91 3231 
92 3231 
93 3231 
94 3231 
95 3231 
96 3231 
97 3231 
98 3232 
99 3231 
100 3231 
101 3231 
102 3231 
103 3231 
104 3232 
105 3231 
106 3231 
107 3231 
108 3231 
109 3231 
110 3231 
111 3230 
112 3231 
113 3231 
114 3231 
115 3231 
116 3231 
117 3231 
118 3231 
119 3231 
120 3232 
121 3231 
122 3231 
123 3231 
124 3231 
125 3231 
126 3231 
127 3231 
128 3231 
129 3231 
130 3231 
131 3231 
132 3230 
133 3231 
134 3231 
135 3231 
136 3231 
137 3231 
138 3231 
139 3231 
140 3231 
141 3230 
142 3231 
143 3231 
144 3231 
145 3231 
146 3231 
147 3231 
148 3231 
149 3231 
150 3231 
151 3231 
152 3230 
153 3231 
154 3231 
155 3231 
156 3232 
157 3231 
158 3231 
159 3231 
160 3231 
161 3230 
162 3231 
163 3231 
164 3231 
165 3231 
166 3231 
167 3231 
168 3231 
169 3232 
170 3230 
171 3231 
172 3231 
173 3231 
174 3231 
175 3231 
176 3231 
177 3231 
178 3231 
179 3231 
180 3231 
181 3231 
182 3231 
183 3231 
184 3231 
185 3231 
186 3230 
187 3231 
188 3230 
189 3231 
190 3231 
191 3231 
192 3231 
193 3231 
194 3231 
195 3231 
196 3231 
197 3231 
198 3231 
199 3231 
200 3231 
201 3230 
202 3231 
203 3231 
204 3231 
205 3231 
206 3230 
207 3231 
208 3230 
209 3231 
210 3231 
211 3231 
212 3231 
213 3231 
214 3232 
215 3231 
216 3231 
217 3231 
218 3231 
219 3231 
220 3231 
221 3231 
222 3231 
223 3231 
224 3231 
225 3231 
226 3231 
227 3231 
228 3231 
229 3231 
230 3231 
231 3231 
232 3231 
233 3231 
234 3231 
235 3231 
236 3231 
237 3231 
238 3231 
239 3231 
240 3230 
241 3231 
242 3231 
243 3230 
244 3230 
245 3231 
246 3231 
247 3231 
248 3231 
249 3230 
250 3231 
251 3231 
252 3231 
253 3231 
254 3231 
255 3231 
256 3231 
257 3230 
258 3231 
259 3232 
260 3230 
261 3231 
262 3231 
263 3230 
264 3231 
265 3230 
266 3231 
267 3231 
268 3231 
269 3231 
270 3231 
271 3231 
272 3230 
273 3231 
274 3231 
275 3231 
276 3231 
277 3231 
278 3231 
279 3231 
280 3231 
281 3231 
282 3231 
283 3231 
284 3231 
285 3231 
286 3231 
287 3230 
288 3231 
289 3230 
290 3231 
291 3230 
292 3231 
293 3231 
294 3231 
295 3231 
296 3230 
297 3231 
298 3231 
299 3231 
300 3231 
301 3231 
302 3231 
303 3231 
304 3231 
305 3231 
306 3232 
307 3231 
308 3230 
309 3231 
310 3231 
311 3231 
312 3230 
313 3231 
314 3230 
315 3231 
316 3231 
317 3231 
318 3231 
319 3231 
320 3231 
321 3231 
322 3231 
323 3231 
324 3230 
325 3231 
326 3230 
327 3231 
328 3231 
329 3231 
330 3231 
331 3231 
332 3231 
333 3231 
334 3231 
335 3231 
336 3231 
337 3231 
338 3231 
339 3231 
340 3231 
341 3231 
342 3231 
343 3231 
344 3231 
345 3231 
346 3231 
347 3230 
348 3231 
349 3230 
350 3231 
351 3231 
352 3231 
353 3231 
354 3231 
355 3231 
356 3231 
357 3231 
358 3231 
359 3231 
360 3231 
361 3231 
362 3231 
363 3231 
364 3231 
365 3230 
366 3231 
367 3231 
368 3231 
369 3231 
370 3231 
371 3230 
372 3230 
373 3231 
374 3230 
375 3231 
376 3231 
377 3230 
378 3231 
379 3231 
380 3230 
381 3231 
382 3230 
383 3231 
384 3231 
385 3230 
386 3231 
387 3230 
388 3230 
389 3231 
390 3231 
391 3230 
392 3230 
393 3230 
394 3231 
395 3231 
396 3230 
397 3231 
398 3231 
399 3231 
400 3231 
401 3231 
402 3231 
403 3230 
404 3230 
405 3231 
406 3231 
407 3231 
408 3231 
409 3231 
410 3231 
411 3230 
412 3231 
413 3231 
414 3230 
415 3230 
416 3230 
417 3230 
418 3231 
419 3230 
420 3231 
421 3231 
422 3231 
423 3231 
424 3231 
425 3231 
426 3230 
427 3231 
428 3231 
429 3231 
430 3230 
431 3231 
432 3231 
433 3231 
434 3230 
435 3231 
436 3231 
437 3231 
438 3231 
439 3231 
440 3230 
441 3230 
442 3230 
443 3230 
444 3231 
445 3231 
446 3231 
447 3231 
448 3231 
449 3230 
450 3232 
451 3230 
452 3231 
453 3231 
454 3231 
455 3230 
456 3231 
457 3230 
458 3231 
459 3231 
460 3231 
461 3231 
462 3231 
463 3231 
464 3231 
465 3231 
466 3231 
467 3231 
468 3231 
469 3231 
470 3231 
471 3230 
472 3231 
473 3230 
474 3231 
475 3230 
476 3230 
477 3230 
478 3231 
479 3230 
480 3231 
481 3231 
482 3230 
483 3230 
484 3230 
485 3231 
486 3230 
487 3231 
488 3230 
489 3231 
490 3231 
491 3231 
492 3230 
493 3231 
494 3230 
495 3230 
496 3230 
497 3230 
498 3230 
499 3231 
500 3231 
