1 3574 
2 3575 
3 3575 
4 3575 
5 3574 
6 3574 
7 3575 
8 3574 
9 3574 
10 3574 
11 3574 
12 3575 
13 3574 
14 3574 
15 3574 
16 3574 
17 3575 
18 3574 
19 3575 
20 3575 
21 3574 
22 3574 
23 3575 
24 3574 
25 3575 
26 3574 
27 3574 
28 3574 
29 3575 
30 3575 
31 3574 
32 3574 
33 3574 
34 3574 
35 3575 
36 3574 
37 3575 
38 3575 
39 3574 
40 3574 
41 3574 
42 3574 
43 3575 
44 3574 
45 3574 
46 3574 
47 3575 
48 3575 
49 3575 
50 3574 
51 3574 
52 3574 
53 3574 
54 3574 
55 3574 
56 3575 
57 3574 
58 3574 
59 3574 
60 3574 
61 3574 
62 3574 
63 3574 
64 3575 
65 3574 
66 3574 
67 3575 
68 3574 
69 3574 
70 3574 
71 3574 
72 3574 
73 3575 
74 3574 
75 3574 
76 3574 
77 3574 
78 3574 
79 3574 
80 3575 
81 3574 
82 3575 
83 3574 
84 3574 
85 3575 
86 3574 
87 3574 
88 3574 
89 3574 
90 3574 
91 3574 
92 3574 
93 3574 
94 3574 
95 3574 
96 3574 
97 3574 
98 3574 
99 3573 
100 3574 
101 3574 
102 3574 
103 3574 
104 3575 
105 3575 
106 3574 
107 3574 
108 3574 
109 3574 
110 3574 
111 3575 
112 3574 
113 3574 
114 3574 
115 3574 
116 3574 
117 3574 
118 3575 
119 3573 
120 3574 
121 3574 
122 3574 
123 3574 
124 3574 
125 3573 
126 3575 
127 3574 
128 3574 
129 3574 
130 3574 
131 3574 
132 3574 
133 3574 
134 3574 
135 3575 
136 3575 
137 3574 
138 3575 
139 3574 
140 3574 
141 3574 
142 3574 
143 3575 
144 3575 
145 3574 
146 3574 
147 3574 
148 3574 
149 3573 
150 3574 
151 3573 
152 3574 
153 3574 
154 3574 
155 3574 
156 3573 
157 3574 
158 3574 
159 3574 
160 3574 
161 3574 
162 3575 
163 3574 
164 3574 
165 3574 
166 3574 
167 3574 
168 3574 
169 3574 
170 3574 
171 3574 
172 3573 
173 3574 
174 3574 
175 3575 
176 3574 
177 3574 
178 3573 
179 3574 
180 3574 
181 3574 
182 3574 
183 3573 
184 3574 
185 3574 
186 3574 
187 3575 
188 3574 
189 3574 
190 3574 
191 3574 
192 3574 
193 3573 
194 3574 
195 3574 
196 3574 
197 3574 
198 3574 
199 3573 
200 3574 
201 3574 
202 3574 
203 3574 
204 3574 
205 3574 
206 3575 
207 3573 
208 3574 
209 3574 
210 3575 
211 3574 
212 3574 
213 3574 
214 3574 
215 3574 
216 3574 
217 3573 
218 3573 
219 3574 
220 3573 
221 3574 
222 3574 
223 3573 
224 3574 
225 3574 
226 3574 
227 3574 
228 3574 
229 3574 
230 3574 
231 3574 
232 3574 
233 3574 
234 3574 
235 3574 
236 3573 
237 3574 
238 3574 
239 3574 
240 3574 
241 3574 
242 3574 
243 3573 
244 3574 
245 3574 
246 3574 
247 3574 
248 3573 
249 3574 
250 3574 
251 3574 
252 3574 
253 3574 
254 3574 
255 3573 
256 3574 
257 3574 
258 3574 
259 3574 
260 3574 
261 3573 
262 3574 
263 3574 
264 3574 
265 3573 
266 3575 
267 3574 
268 3574 
269 3574 
270 3574 
271 3574 
272 3574 
273 3573 
274 3574 
275 3574 
276 3574 
277 3574 
278 3573 
279 3574 
280 3574 
281 3574 
282 3574 
283 3574 
284 3574 
285 3573 
286 3574 
287 3574 
288 3574 
289 3574 
290 3573 
291 3574 
292 3574 
293 3574 
294 3574 
295 3574 
296 3574 
297 3573 
298 3574 
299 3575 
300 3573 
301 3574 
302 3574 
303 3574 
304 3574 
305 3574 
306 3574 
307 3574 
308 3574 
309 3574 
310 3573 
311 3574 
312 3573 
313 3573 
314 3574 
315 3574 
316 3573 
317 3574 
318 3574 
319 3574 
320 3574 
321 3574 
322 3574 
323 3574 
324 3574 
325 3574 
326 3574 
327 3573 
328 3573 
329 3573 
330 3574 
331 3573 
332 3574 
333 3574 
334 3573 
335 3573 
336 3574 
337 3574 
338 3574 
339 3573 
340 3574 
341 3574 
342 3573 
343 3574 
344 3574 
345 3573 
346 3574 
347 3574 
348 3574 
349 3573 
350 3574 
351 3574 
352 3574 
353 3573 
354 3574 
355 3574 
356 3574 
357 3574 
358 3574 
359 3573 
360 3574 
361 3573 
362 3574 
363 3574 
364 3574 
365 3573 
366 3573 
367 3574 
368 3574 
369 3573 
370 3574 
371 3574 
372 3573 
373 3574 
374 3573 
375 3574 
376 3573 
377 3573 
378 3574 
379 3574 
380 3574 
381 3573 
382 3573 
383 3573 
384 3574 
385 3573 
386 3574 
387 3574 
388 3574 
389 3574 
390 3573 
391 3574 
392 3574 
393 3573 
394 3574 
395 3573 
396 3574 
397 3574 
398 3574 
399 3574 
400 3573 
401 3573 
402 3573 
403 3573 
404 3573 
405 3573 
406 3574 
407 3573 
408 3574 
409 3574 
410 3573 
411 3573 
412 3573 
413 3574 
414 3573 
415 3573 
416 3574 
417 3573 
418 3574 
419 3573 
420 3573 
421 3574 
422 3573 
423 3574 
424 3574 
425 3574 
426 3574 
427 3573 
428 3574 
429 3573 
430 3574 
431 3574 
432 3573 
433 3573 
434 3573 
435 3574 
436 3574 
437 3574 
438 3574 
439 3574 
440 3574 
441 3573 
442 3573 
443 3573 
444 3574 
445 3574 
446 3573 
447 3575 
448 3574 
449 3573 
450 3573 
451 3574 
452 3573 
453 3573 
454 3573 
455 3574 
456 3573 
457 3573 
458 3574 
459 3573 
460 3574 
461 3573 
462 3573 
463 3574 
464 3573 
465 3573 
466 3573 
467 3573 
468 3574 
469 3574 
470 3573 
471 3574 
472 3573 
473 3573 
474 3573 
475 3573 
476 3573 
477 3573 
478 3573 
479 3574 
480 3573 
481 3574 
482 3574 
483 3573 
484 3573 
485 3574 
486 3573 
487 3573 
488 3574 
489 3573 
490 3573 
491 3573 
492 3573 
493 3573 
494 3573 
495 3573 
496 3574 
497 3573 
498 3573 
499 3573 
500 3574 
