1 3730 
2 3729 
3 3730 
4 3730 
5 3730 
6 3731 
7 3730 
8 3730 
9 3730 
10 3730 
11 3730 
12 3730 
13 3729 
14 3730 
15 3730 
16 3730 
17 3730 
18 3730 
19 3730 
20 3730 
21 3730 
22 3730 
23 3730 
24 3730 
25 3730 
26 3730 
27 3730 
28 3730 
29 3730 
30 3729 
31 3730 
32 3731 
33 3730 
34 3730 
35 3730 
36 3730 
37 3730 
38 3730 
39 3729 
40 3730 
41 3730 
42 3730 
43 3730 
44 3730 
45 3730 
46 3730 
47 3730 
48 3730 
49 3730 
50 3730 
51 3729 
52 3730 
53 3730 
54 3730 
55 3729 
56 3730 
57 3731 
58 3730 
59 3730 
60 3730 
61 3729 
62 3730 
63 3730 
64 3730 
65 3730 
66 3730 
67 3730 
68 3729 
69 3729 
70 3731 
71 3729 
72 3730 
73 3730 
74 3730 
75 3730 
76 3730 
77 3730 
78 3730 
79 3729 
80 3730 
81 3730 
82 3730 
83 3730 
84 3730 
85 3730 
86 3730 
87 3730 
88 3730 
89 3730 
90 3730 
91 3730 
92 3730 
93 3730 
94 3729 
95 3730 
96 3730 
97 3730 
98 3730 
99 3730 
100 3730 
101 3730 
102 3729 
103 3730 
104 3730 
105 3730 
106 3730 
107 3730 
108 3730 
109 3730 
110 3731 
111 3730 
112 3730 
113 3730 
114 3730 
115 3730 
116 3730 
117 3730 
118 3730 
119 3730 
120 3730 
121 3730 
122 3730 
123 3730 
124 3730 
125 3730 
126 3730 
127 3730 
128 3729 
129 3729 
130 3730 
131 3730 
132 3730 
133 3731 
134 3730 
135 3729 
136 3730 
137 3729 
138 3730 
139 3730 
140 3730 
141 3730 
142 3730 
143 3729 
144 3729 
145 3730 
146 3729 
147 3730 
148 3730 
149 3731 
150 3730 
151 3730 
152 3729 
153 3729 
154 3730 
155 3730 
156 3729 
157 3729 
158 3730 
159 3729 
160 3730 
161 3729 
162 3730 
163 3730 
164 3729 
165 3731 
166 3730 
167 3730 
168 3730 
169 3730 
170 3730 
171 3730 
172 3729 
173 3730 
174 3730 
175 3730 
176 3730 
177 3729 
178 3730 
179 3729 
180 3730 
181 3730 
182 3732 
183 3730 
184 3729 
185 3729 
186 3729 
187 3729 
188 3731 
189 3729 
190 3729 
191 3730 
192 3730 
193 3730 
194 3729 
195 3729 
196 3730 
197 3730 
198 3730 
199 3730 
200 3729 
201 3730 
202 3730 
203 3729 
204 3730 
205 3729 
206 3730 
207 3729 
208 3730 
209 3730 
210 3731 
211 3730 
212 3730 
213 3729 
214 3730 
215 3729 
216 3730 
217 3730 
218 3730 
219 3730 
220 3729 
221 3730 
222 3730 
223 3730 
224 3729 
225 3730 
226 3729 
227 3730 
228 3730 
229 3729 
230 3730 
231 3729 
232 3730 
233 3729 
234 3730 
235 3729 
236 3729 
237 3730 
238 3730 
239 3729 
240 3729 
241 3729 
242 3730 
243 3730 
244 3729 
245 3729 
246 3730 
247 3729 
248 3729 
249 3729 
250 3730 
251 3730 
252 3729 
253 3730 
254 3730 
255 3729 
256 3730 
257 3729 
258 3729 
259 3730 
260 3730 
261 3730 
262 3730 
263 3730 
264 3730 
265 3730 
266 3729 
267 3730 
268 3729 
269 3730 
270 3729 
271 3729 
272 3730 
273 3730 
274 3731 
275 3730 
276 3730 
277 3730 
278 3729 
279 3729 
280 3730 
281 3729 
282 3729 
283 3729 
284 3729 
285 3730 
286 3730 
287 3729 
288 3730 
289 3729 
290 3730 
291 3730 
292 3730 
293 3730 
294 3729 
295 3729 
296 3730 
297 3729 
298 3729 
299 3730 
300 3729 
301 3730 
302 3729 
303 3730 
304 3729 
305 3730 
306 3729 
307 3730 
308 3730 
309 3730 
310 3730 
311 3731 
312 3730 
313 3729 
314 3729 
315 3729 
316 3730 
317 3729 
318 3730 
319 3729 
320 3730 
321 3730 
322 3730 
323 3730 
324 3729 
325 3729 
326 3730 
327 3729 
328 3730 
329 3730 
330 3729 
331 3730 
332 3730 
333 3729 
334 3730 
335 3729 
336 3730 
337 3730 
338 3730 
339 3729 
340 3729 
341 3729 
342 3730 
343 3730 
344 3730 
345 3730 
346 3729 
347 3730 
348 3730 
349 3729 
350 3729 
351 3729 
352 3729 
353 3730 
354 3730 
355 3729 
356 3730 
357 3730 
358 3729 
359 3729 
360 3730 
361 3729 
362 3730 
363 3729 
364 3730 
365 3729 
366 3729 
367 3730 
368 3730 
369 3729 
370 3730 
371 3729 
372 3730 
373 3729 
374 3729 
375 3730 
376 3730 
377 3730 
378 3730 
379 3729 
380 3730 
381 3729 
382 3730 
383 3730 
384 3730 
385 3729 
386 3730 
387 3729 
388 3729 
389 3729 
390 3729 
391 3730 
392 3729 
393 3729 
394 3730 
395 3729 
396 3729 
397 3729 
398 3729 
399 3729 
400 3730 
401 3729 
402 3730 
403 3730 
404 3730 
405 3729 
406 3729 
407 3730 
408 3729 
409 3729 
410 3730 
411 3729 
412 3730 
413 3730 
414 3729 
415 3730 
416 3729 
417 3729 
418 3730 
419 3730 
420 3729 
421 3729 
422 3729 
423 3729 
424 3729 
425 3729 
426 3730 
427 3729 
428 3729 
429 3730 
430 3729 
431 3730 
432 3729 
433 3729 
434 3729 
435 3729 
436 3730 
437 3729 
438 3729 
439 3729 
440 3730 
441 3729 
442 3729 
443 3729 
444 3729 
445 3729 
446 3729 
447 3729 
448 3729 
449 3729 
450 3729 
451 3729 
452 3730 
453 3729 
454 3729 
455 3729 
456 3729 
457 3729 
458 3729 
459 3729 
460 3729 
461 3729 
462 3729 
463 3729 
464 3729 
465 3729 
466 3729 
467 3729 
468 3730 
469 3730 
470 3729 
471 3729 
472 3729 
473 3729 
474 3729 
475 3729 
476 3730 
477 3729 
478 3729 
479 3729 
480 3729 
481 3730 
482 3729 
483 3729 
484 3730 
485 3730 
486 3729 
487 3729 
488 3729 
489 3729 
490 3729 
491 3729 
492 3730 
493 3729 
494 3730 
495 3729 
496 3729 
497 3729 
498 3729 
499 3729 
500 3729 
