1 4095 
2 4095 
3 4095 
4 4034 
5 3966 
6 3931 
7 3874 
8 3825 
9 3787 
10 3658 
11 3636 
12 3592 
13 3568 
14 3484 
15 3456 
16 3404 
17 3367 
18 3322 
19 3293 
20 3249 
21 3231 
22 3200 
23 2947 
24 2932 
25 2688 
26 2663 
27 2567 
28 2514 
29 2409 
30 2254 
31 2114 
32 2015 
33 2018 
34 2010 
35 2093 
36 2088 
37 2081 
38 2084 
39 2084 
40 2087 
41 2080 
42 2099 
43 2073 
44 2017 
45 2007 
46 2008 
47 2008 
48 2008 
49 2008 
50 2008 
51 2007 
52 2008 
53 2007 
54 2007 
55 2008 
56 2008 
57 2008 
58 2007 
59 2008 
60 2008 
61 2007 
62 2008 
63 2008 
64 2008 
65 2007 
66 2008 
67 2008 
68 2008 
69 2007 
70 2007 
71 2008 
72 2007 
73 2007 
74 2008 
75 2008 
76 2008 
77 2008 
78 2007 
79 2008 
80 2008 
81 2008 
82 2008 
83 2008 
84 2008 
85 2007 
86 2008 
87 2007 
88 2007 
89 2007 
90 2008 
91 2008 
92 2008 
93 2008 
94 2007 
95 2008 
96 2008 
97 2008 
98 2008 
99 2008 
100 2008 
101 2007 
102 2009 
103 2008 
104 2008 
105 2008 
106 2008 
107 2008 
108 2008 
109 2007 
110 2008 
111 2008 
112 2008 
113 2008 
114 2008 
115 2008 
116 2008 
117 2008 
118 2008 
119 2007 
120 2007 
121 2007 
122 2008 
123 2008 
124 2007 
125 2008 
126 2008 
127 2007 
128 2007 
129 2008 
130 2008 
131 2008 
132 2007 
133 2008 
134 2008 
135 2007 
136 2007 
137 2007 
138 2008 
139 2008 
140 2008 
141 2009 
142 2008 
143 2008 
144 2009 
145 2008 
146 2008 
147 2007 
148 2007 
149 2007 
150 2008 
151 2008 
152 2008 
153 2008 
154 2007 
155 2007 
156 2007 
157 2008 
158 2008 
159 2008 
160 2008 
161 2007 
162 2008 
163 2008 
164 2008 
165 2008 
166 2008 
167 2007 
168 2008 
169 2007 
170 2008 
171 2008 
172 2007 
173 2008 
174 2008 
175 2008 
176 2008 
177 2008 
178 2007 
179 2008 
180 2008 
181 2007 
182 2008 
183 2007 
184 2008 
185 2008 
186 2008 
187 2008 
188 2008 
189 2008 
190 2007 
191 2008 
192 2007 
193 2008 
194 2008 
195 2008 
196 2007 
197 2008 
198 2008 
199 2008 
200 2007 
201 2008 
202 2008 
203 2008 
204 2008 
205 2008 
206 2007 
207 2007 
208 2008 
209 2008 
210 2008 
211 2008 
212 2008 
213 2007 
214 2008 
215 2008 
216 2007 
217 2008 
218 2007 
219 2007 
220 2008 
221 2007 
222 2008 
223 2008 
224 2008 
225 2008 
226 2008 
227 2007 
228 2008 
229 2008 
230 2007 
231 2008 
232 2008 
233 2007 
234 2008 
235 2008 
236 2008 
237 2008 
238 2008 
239 2008 
240 2008 
241 2008 
242 2007 
243 2008 
244 2008 
245 2008 
246 2008 
247 2008 
248 2008 
249 2009 
250 2008 
251 2008 
252 2007 
253 2007 
254 2008 
255 2008 
256 2008 
257 2008 
258 2008 
259 2008 
260 2008 
261 2008 
262 2008 
263 2008 
264 2008 
265 2007 
266 2008 
267 2008 
268 2008 
269 2008 
270 2008 
271 2007 
272 2008 
273 2008 
274 2007 
275 2007 
276 2008 
277 2007 
278 2008 
279 2008 
280 2008 
281 2008 
282 2009 
283 2008 
284 2008 
285 2008 
286 2008 
287 2008 
288 2008 
289 2007 
290 2008 
291 2008 
292 2008 
293 2007 
294 2008 
295 2007 
296 2008 
297 2008 
298 2008 
299 2009 
300 2008 
301 2008 
302 2008 
303 2008 
304 2008 
305 2007 
306 2008 
307 2008 
308 2008 
309 2008 
310 2007 
311 2007 
312 2008 
313 2008 
314 2007 
315 2008 
316 2008 
317 2008 
318 2008 
319 2008 
320 2008 
321 2008 
322 2008 
323 2008 
324 2008 
325 2008 
326 2008 
327 2007 
328 2007 
329 2008 
330 2008 
331 2007 
332 2008 
333 2008 
334 2008 
335 2008 
336 2008 
337 2008 
338 2007 
339 2008 
340 2008 
341 2007 
342 2008 
343 2007 
344 2008 
345 2007 
346 2008 
347 2008 
348 2008 
349 2007 
350 2008 
351 2008 
352 2008 
353 2008 
354 2008 
355 2009 
356 2007 
357 2008 
358 2008 
359 2008 
360 2007 
361 2008 
362 2008 
363 2008 
364 2008 
365 2008 
366 2009 
367 2009 
368 2007 
369 2007 
370 2008 
371 2007 
372 2007 
373 2008 
374 2008 
375 2008 
376 2007 
377 2008 
378 2008 
379 2009 
380 2008 
381 2009 
382 2008 
383 2008 
384 2008 
385 2008 
386 2008 
387 2007 
388 2008 
389 2007 
390 2007 
391 2008 
392 2008 
393 2008 
394 2007 
395 2008 
396 2008 
397 2008 
398 2008 
399 2008 
400 2008 
401 2008 
402 2007 
403 2008 
404 2008 
405 2008 
406 2008 
407 2007 
408 2008 
409 2008 
410 2007 
411 2008 
412 2007 
413 2008 
414 2008 
415 2008 
416 2008 
417 2007 
418 2008 
419 2008 
420 2008 
421 2008 
422 2008 
423 2008 
424 2008 
425 2008 
426 2008 
427 2008 
428 2008 
429 2008 
430 2008 
431 2008 
432 2008 
433 2009 
434 2008 
435 2008 
436 2008 
437 2008 
438 2008 
439 2007 
440 2008 
441 2007 
442 2008 
443 2008 
444 2008 
445 2008 
446 2008 
447 2008 
448 2008 
449 2008 
450 2008 
451 2008 
452 2008 
453 2008 
454 2007 
455 2008 
456 2008 
457 2008 
458 2009 
459 2008 
460 2008 
461 2007 
462 2008 
463 2008 
464 2009 
465 2009 
466 2008 
467 2008 
468 2008 
469 2007 
470 2008 
471 2009 
472 2008 
473 2008 
474 2008 
475 2008 
476 2008 
477 2008 
478 2008 
479 2008 
480 2008 
481 2008 
482 2008 
483 2008 
484 2008 
485 2008 
486 2007 
487 2008 
488 2008 
489 2008 
490 2008 
491 2008 
492 2008 
493 2009 
494 2008 
495 2008 
496 2008 
497 2008 
498 2007 
499 2008 
500 2008 
