1 411 
2 100 
3 198 
4 640 
5 523 
6 96 
7 217 
8 1070 
9 2112 
10 242 
11 137 
12 554 
13 350 
14 174 
15 824 
16 3369 
17 651 
18 359 
19 543 
20 465 
21 1748 
22 1117 
23 866 
24 532 
25 579 
26 1209 
27 205 
28 816 
29 139 
30 1597 
31 979 
32 734 
33 837 
34 395 
35 1543 
36 1736 
37 329 
38 235 
39 1430 
40 259 
41 237 
42 1513 
43 279 
44 359 
45 1256 
46 769 
47 758 
48 1018 
49 113 
50 815 
51 447 
52 537 
53 852 
54 215 
55 2085 
56 1653 
57 709 
58 1712 
59 609 
60 2585 
61 1137 
62 1060 
63 2471 
64 240 
65 307 
66 896 
67 854 
68 1528 
69 2742 
70 339 
71 757 
72 168 
73 2159 
74 217 
75 1470 
76 1496 
77 266 
78 1200 
79 361 
80 444 
81 497 
82 442 
83 2723 
84 1294 
85 989 
86 273 
87 2229 
88 862 
89 1106 
90 246 
91 162 
92 277 
93 105 
94 2553 
95 133 
96 2429 
97 261 
98 312 
99 1411 
100 1063 
101 1615 
102 202 
103 281 
104 123 
105 674 
106 163 
107 208 
108 394 
109 1460 
110 2388 
111 321 
112 339 
113 931 
114 617 
115 893 
116 281 
117 2678 
118 813 
119 1271 
120 143 
121 763 
122 2706 
123 1056 
124 227 
125 3286 
126 601 
127 3618 
128 1304 
129 1456 
130 155 
131 321 
132 446 
133 1253 
134 1022 
135 1902 
136 474 
137 103 
138 1265 
139 137 
140 491 
141 901 
142 370 
143 275 
144 191 
145 2005 
146 1124 
147 848 
148 648 
149 3556 
150 1606 
151 194 
152 2712 
153 123 
154 3636 
155 400 
156 755 
157 1537 
158 427 
159 1945 
160 583 
161 1157 
162 145 
163 240 
164 951 
165 249 
166 1399 
167 656 
168 2176 
169 2381 
170 652 
171 119 
172 3139 
173 1931 
174 515 
175 630 
176 988 
177 2421 
178 291 
179 1282 
180 475 
181 378 
182 1784 
183 123 
184 1233 
185 1949 
186 599 
187 645 
188 2518 
189 457 
190 405 
191 1848 
192 294 
193 135 
194 1723 
195 243 
196 1351 
197 911 
198 252 
199 463 
200 1015 
201 439 
202 900 
203 1458 
204 433 
205 414 
206 342 
207 1034 
208 1176 
209 114 
210 107 
211 1923 
212 547 
213 556 
214 751 
215 1331 
216 1725 
217 431 
218 1060 
219 668 
220 2343 
221 732 
222 767 
223 427 
224 745 
225 481 
226 693 
227 496 
228 178 
229 213 
230 646 
231 340 
232 3762 
233 3602 
234 551 
235 1312 
236 2397 
237 277 
238 183 
239 613 
240 471 
241 3404 
242 1221 
243 884 
244 956 
245 2016 
246 2668 
247 617 
248 456 
249 2771 
250 348 
251 370 
252 199 
253 549 
254 475 
255 1218 
256 578 
257 1131 
258 751 
259 677 
260 309 
261 956 
262 1868 
263 394 
264 2253 
265 787 
266 127 
267 111 
268 1945 
269 1063 
270 711 
271 2547 
272 1714 
273 181 
274 1918 
275 440 
276 417 
277 1616 
278 1335 
279 821 
280 1462 
281 157 
282 1495 
283 115 
284 1042 
285 211 
286 2931 
287 1594 
288 1525 
289 2321 
290 317 
291 3317 
292 557 
293 474 
294 890 
295 910 
296 1033 
297 447 
298 269 
299 238 
300 1636 
301 524 
302 1778 
303 923 
304 110 
305 314 
306 301 
307 618 
308 3291 
309 924 
310 1110 
311 832 
312 1460 
313 2308 
314 934 
315 130 
316 374 
317 371 
318 200 
319 510 
320 1437 
321 892 
322 380 
323 1211 
324 1205 
325 194 
326 662 
327 201 
328 184 
329 3826 
330 2949 
331 1386 
332 591 
333 389 
334 791 
335 265 
336 219 
337 211 
338 2015 
339 106 
340 2380 
341 1886 
342 1182 
343 1345 
344 518 
345 732 
346 383 
347 968 
348 1342 
349 566 
350 1086 
351 684 
352 1365 
353 1987 
354 1110 
355 2186 
356 671 
357 1089 
358 476 
359 767 
360 514 
361 1180 
362 1121 
363 466 
364 672 
365 522 
366 1134 
367 916 
368 546 
369 1371 
370 159 
371 368 
372 802 
373 769 
374 459 
375 519 
376 1066 
377 675 
378 93 
379 800 
380 3033 
381 623 
382 209 
383 562 
384 182 
385 845 
386 1075 
387 672 
388 1664 
389 1992 
390 693 
391 788 
392 112 
393 2327 
394 2172 
395 162 
396 366 
397 603 
398 1605 
399 1232 
400 846 
401 126 
402 1375 
403 663 
404 988 
405 368 
406 2465 
407 1450 
408 304 
409 1106 
410 246 
411 1560 
412 1904 
413 325 
414 2294 
415 208 
416 2981 
417 2040 
418 480 
419 158 
420 2913 
421 681 
422 986 
423 99 
424 1525 
425 411 
426 186 
427 273 
428 1300 
429 167 
430 2806 
431 117 
432 137 
433 232 
434 521 
435 1481 
436 3441 
437 2039 
438 124 
439 88 
440 2656 
441 878 
442 81 
443 200 
444 1121 
445 1223 
446 1128 
447 466 
448 169 
449 489 
450 420 
451 643 
452 412 
453 784 
454 2193 
455 1186 
456 85 
457 769 
458 475 
459 891 
460 1173 
461 400 
462 803 
463 842 
464 345 
465 557 
466 704 
467 1066 
468 2544 
469 251 
470 160 
471 1390 
472 700 
473 799 
474 1013 
475 892 
476 1873 
477 989 
478 341 
479 150 
480 618 
481 1838 
482 247 
483 1684 
484 114 
485 1151 
486 120 
487 445 
488 181 
489 262 
490 1302 
491 2024 
492 1568 
493 827 
494 969 
495 1538 
496 1954 
497 299 
498 268 
499 1723 
500 3443 
501 764 
502 532 
503 143 
504 123 
505 1062 
506 137 
507 289 
508 582 
509 94 
510 1152 
511 2020 
512 1784 
513 126 
514 268 
515 726 
516 832 
517 2183 
518 178 
519 315 
520 482 
521 2720 
522 1086 
523 1296 
524 439 
525 107 
526 945 
527 699 
528 899 
529 350 
530 1650 
531 896 
532 479 
533 736 
534 1646 
535 545 
536 575 
537 2939 
538 1686 
539 82 
540 1410 
541 529 
542 638 
543 2404 
544 228 
545 758 
546 172 
547 253 
548 808 
549 2667 
550 879 
551 1281 
552 127 
553 1093 
554 540 
555 1557 
556 170 
557 1531 
558 202 
559 343 
560 964 
561 2077 
562 629 
563 122 
564 612 
565 717 
566 158 
567 138 
568 2089 
569 1429 
570 378 
571 196 
572 400 
573 756 
574 482 
575 2574 
576 1495 
577 1053 
578 237 
579 131 
580 2571 
581 2031 
582 1698 
583 2540 
584 130 
585 538 
586 738 
587 1016 
588 765 
589 320 
590 465 
591 1037 
592 331 
593 1985 
594 563 
595 940 
596 737 
597 1253 
598 1281 
599 379 
600 382 
601 2292 
602 1561 
603 1507 
604 1108 
605 935 
606 2545 
607 908 
608 641 
609 1235 
610 800 
611 223 
612 704 
613 797 
614 580 
615 1025 
616 417 
617 1700 
618 480 
619 1807 
620 1577 
621 227 
622 269 
623 3853 
624 770 
625 441 
626 104 
627 2942 
628 3221 
629 1201 
630 1405 
631 454 
632 887 
633 90 
634 2434 
635 1171 
636 357 
637 173 
638 1119 
639 441 
640 356 
641 1241 
642 1039 
643 229 
644 1965 
645 514 
646 103 
647 1979 
648 196 
649 960 
650 2210 
651 2721 
652 246 
653 1816 
654 3609 
655 732 
656 871 
657 89 
658 152 
659 411 
660 1326 
661 804 
662 802 
663 244 
664 888 
665 1985 
666 121 
667 121 
668 1426 
669 1679 
670 334 
671 1368 
672 2178 
673 110 
674 309 
675 97 
676 1698 
677 379 
678 2697 
679 591 
680 1925 
681 981 
682 555 
683 972 
684 773 
685 1390 
686 407 
687 368 
688 2571 
689 854 
690 241 
691 213 
692 508 
693 1005 
694 381 
695 234 
696 1075 
697 3092 
698 2197 
699 551 
700 831 
701 213 
702 408 
703 1052 
704 1878 
705 1426 
706 370 
707 822 
708 1984 
709 647 
710 880 
711 1209 
712 2784 
713 2048 
714 494 
715 788 
716 542 
717 318 
718 215 
719 200 
720 827 
721 547 
722 1538 
723 353 
724 1202 
725 804 
726 1113 
727 626 
728 479 
729 703 
730 2732 
731 1050 
732 1012 
733 231 
734 220 
735 1161 
736 633 
737 378 
738 165 
739 548 
740 800 
741 2871 
742 237 
743 1055 
744 759 
745 439 
746 209 
747 112 
748 523 
749 1501 
750 85 
751 167 
752 298 
753 293 
754 925 
755 586 
756 3797 
757 963 
758 297 
759 1341 
760 2012 
761 2952 
762 247 
763 191 
764 745 
765 268 
766 178 
767 487 
768 226 
769 722 
770 900 
771 1778 
772 420 
773 3244 
774 1405 
775 796 
776 268 
777 2147 
778 178 
779 2058 
780 253 
781 1627 
782 108 
783 3408 
784 387 
785 1242 
786 1031 
787 90 
788 532 
789 568 
790 1131 
791 935 
792 89 
793 557 
794 408 
795 499 
796 1031 
797 236 
798 410 
799 1420 
800 925 
801 1022 
802 266 
803 1111 
804 436 
805 222 
806 378 
807 1108 
808 875 
809 1283 
810 184 
811 784 
812 1042 
813 377 
814 1352 
815 314 
816 939 
817 595 
818 1031 
819 441 
820 870 
821 2902 
822 1504 
823 1636 
824 1736 
825 140 
826 474 
827 1011 
828 1587 
829 471 
830 608 
831 2946 
832 411 
833 2271 
834 1682 
835 579 
836 974 
837 3231 
838 1143 
839 2363 
840 715 
841 1949 
842 2646 
843 1206 
844 3035 
845 1687 
846 409 
847 1209 
848 513 
849 270 
850 979 
851 660 
852 228 
853 286 
854 817 
855 1271 
856 823 
857 640 
858 190 
859 455 
860 115 
861 599 
862 1164 
863 2709 
864 604 
865 321 
866 1376 
867 710 
868 2245 
869 182 
870 214 
871 1155 
872 1499 
873 583 
874 82 
875 341 
876 961 
877 677 
878 214 
879 428 
880 296 
881 210 
882 776 
883 1711 
884 2575 
885 622 
886 345 
887 966 
888 1990 
889 944 
890 142 
891 1438 
892 1167 
893 1250 
894 314 
895 86 
896 2006 
897 1208 
898 263 
899 98 
900 418 
901 504 
902 2427 
903 414 
904 3781 
905 204 
906 1355 
907 390 
908 715 
909 201 
910 740 
911 1624 
912 97 
913 334 
914 157 
915 972 
916 479 
917 1354 
918 386 
919 519 
920 222 
921 548 
922 284 
923 866 
924 149 
925 81 
926 2340 
927 3164 
928 373 
929 592 
930 591 
931 417 
932 1551 
933 632 
934 997 
935 643 
936 214 
937 1412 
938 1341 
939 788 
940 536 
941 307 
942 870 
943 1263 
944 2183 
945 694 
946 390 
947 2483 
948 901 
949 953 
950 1099 
951 974 
952 1618 
953 1756 
954 3780 
955 271 
956 348 
957 284 
958 974 
959 268 
960 2089 
961 785 
962 2786 
963 162 
964 465 
965 181 
966 1250 
967 3564 
968 165 
969 661 
970 100 
971 1493 
972 786 
973 606 
974 107 
975 1255 
976 825 
977 802 
978 211 
979 143 
980 586 
981 543 
982 1167 
983 562 
984 335 
985 1256 
986 139 
987 279 
988 1264 
989 1068 
990 92 
991 3370 
992 374 
993 1591 
994 884 
995 580 
996 1173 
997 129 
998 481 
999 2242 
1000 717 
1001 681 
1002 1315 
1003 660 
1004 877 
1005 600 
1006 2567 
1007 95 
1008 150 
1009 2770 
1010 1358 
1011 433 
1012 559 
1013 244 
1014 2062 
1015 88 
1016 926 
1017 1337 
1018 1624 
1019 1187 
1020 111 
1021 191 
1022 1263 
1023 387 
1024 1047 
1025 428 
1026 223 
1027 99 
1028 3488 
1029 971 
1030 2688 
1031 888 
1032 627 
1033 92 
1034 665 
1035 243 
1036 423 
1037 1290 
1038 1330 
1039 929 
1040 1012 
1041 1495 
1042 174 
1043 1413 
1044 273 
1045 217 
1046 2324 
1047 807 
1048 1758 
1049 388 
1050 3683 
1051 142 
1052 200 
1053 1527 
1054 939 
1055 118 
1056 285 
1057 173 
1058 896 
1059 1950 
1060 1085 
1061 751 
1062 953 
1063 1457 
1064 419 
1065 240 
1066 236 
1067 485 
1068 220 
1069 3022 
1070 1953 
1071 855 
1072 1644 
1073 1099 
1074 806 
1075 3788 
1076 638 
1077 2149 
1078 918 
1079 395 
1080 1064 
1081 103 
1082 665 
1083 1202 
1084 129 
1085 641 
1086 1860 
1087 162 
1088 1248 
1089 643 
1090 2018 
1091 1352 
1092 519 
1093 445 
1094 524 
1095 348 
1096 350 
1097 418 
1098 179 
1099 392 
1100 3614 
1101 506 
1102 759 
1103 963 
1104 938 
1105 101 
1106 381 
1107 2562 
1108 261 
1109 1333 
1110 707 
1111 869 
1112 810 
1113 1339 
1114 172 
1115 217 
1116 3014 
1117 1287 
1118 759 
1119 653 
1120 551 
1121 752 
1122 2284 
1123 1102 
1124 475 
1125 824 
1126 181 
1127 3711 
1128 1149 
1129 1436 
1130 658 
1131 555 
1132 1089 
1133 207 
1134 302 
1135 514 
1136 407 
1137 598 
1138 1096 
1139 1254 
1140 1229 
1141 310 
1142 95 
1143 636 
1144 173 
1145 590 
1146 1816 
1147 537 
1148 216 
1149 84 
1150 140 
1151 2975 
1152 310 
1153 2920 
1154 148 
1155 1047 
1156 453 
1157 326 
1158 1685 
1159 647 
1160 1768 
1161 1005 
1162 1946 
1163 226 
1164 1197 
1165 733 
1166 648 
1167 1978 
1168 538 
1169 1100 
1170 374 
1171 2999 
1172 1357 
1173 155 
1174 259 
1175 100 
1176 2525 
1177 644 
1178 845 
1179 2278 
1180 2385 
1181 515 
1182 2482 
1183 490 
1184 118 
1185 532 
1186 1893 
1187 195 
1188 197 
1189 95 
1190 242 
1191 136 
1192 754 
1193 402 
1194 1038 
1195 1426 
1196 474 
1197 902 
1198 245 
1199 824 
1200 403 
1201 87 
1202 145 
1203 1572 
1204 1094 
1205 1605 
1206 351 
1207 1654 
1208 291 
1209 630 
1210 422 
1211 857 
1212 110 
1213 532 
1214 1345 
1215 210 
1216 794 
1217 321 
1218 1283 
1219 157 
1220 1237 
1221 148 
1222 1493 
1223 1123 
1224 148 
1225 733 
1226 763 
1227 1058 
1228 523 
1229 778 
1230 923 
1231 822 
1232 1139 
1233 1941 
1234 224 
1235 793 
1236 528 
1237 2251 
1238 412 
1239 1150 
1240 229 
1241 953 
1242 116 
1243 755 
1244 316 
1245 142 
1246 246 
1247 1504 
1248 1098 
1249 1151 
1250 931 
1251 422 
1252 268 
1253 664 
1254 118 
1255 2590 
1256 1119 
1257 134 
1258 385 
1259 97 
1260 3862 
1261 333 
1262 2031 
1263 3262 
1264 1262 
1265 1308 
1266 141 
1267 1171 
1268 543 
1269 822 
1270 360 
1271 200 
1272 650 
1273 272 
1274 2046 
1275 1545 
1276 1552 
1277 436 
1278 800 
1279 246 
1280 1035 
1281 281 
1282 330 
1283 217 
1284 326 
1285 247 
1286 551 
1287 545 
1288 189 
1289 202 
1290 3127 
1291 1138 
1292 342 
1293 471 
1294 513 
1295 2310 
1296 1939 
1297 693 
1298 2615 
1299 2102 
1300 1178 
1301 778 
1302 176 
1303 240 
1304 1065 
1305 303 
1306 215 
1307 389 
1308 1149 
1309 1411 
1310 146 
1311 628 
1312 328 
1313 720 
1314 377 
1315 2067 
1316 139 
1317 1088 
1318 1493 
1319 204 
1320 398 
1321 1627 
1322 2588 
1323 86 
1324 980 
1325 1964 
1326 296 
1327 821 
1328 129 
1329 3178 
1330 1954 
1331 1542 
1332 1847 
1333 3534 
1334 607 
1335 483 
1336 347 
1337 1113 
1338 1466 
1339 1088 
1340 462 
1341 247 
1342 730 
1343 918 
1344 177 
1345 1474 
1346 94 
1347 415 
1348 602 
1349 399 
1350 87 
1351 1358 
1352 986 
1353 1518 
1354 2620 
1355 2583 
1356 2241 
1357 1943 
1358 604 
1359 545 
1360 1131 
1361 2986 
1362 500 
1363 617 
1364 883 
1365 1586 
1366 205 
1367 647 
1368 302 
1369 907 
1370 127 
1371 755 
1372 1077 
1373 966 
1374 161 
1375 156 
1376 702 
1377 1707 
1378 1116 
1379 618 
1380 682 
1381 1176 
1382 230 
1383 1010 
1384 239 
1385 783 
1386 1428 
1387 823 
1388 507 
1389 638 
1390 1040 
1391 1126 
1392 2393 
1393 665 
1394 1075 
1395 931 
1396 1334 
1397 473 
1398 1235 
1399 1603 
1400 1900 
1401 521 
1402 577 
1403 914 
1404 177 
1405 2151 
1406 109 
1407 818 
1408 400 
1409 526 
1410 117 
1411 232 
1412 878 
1413 190 
1414 664 
1415 504 
1416 144 
1417 508 
1418 659 
1419 1004 
1420 357 
1421 900 
1422 370 
1423 904 
1424 102 
1425 225 
1426 500 
1427 2472 
1428 1356 
1429 98 
1430 171 
1431 1309 
1432 390 
1433 980 
1434 1450 
1435 166 
1436 2507 
1437 186 
1438 466 
1439 210 
1440 279 
1441 289 
1442 463 
1443 878 
1444 1968 
1445 458 
1446 713 
1447 1146 
1448 178 
1449 205 
1450 212 
1451 1349 
1452 116 
1453 636 
1454 2877 
1455 1155 
1456 1067 
1457 300 
1458 124 
1459 1069 
1460 2023 
1461 1387 
1462 2564 
1463 226 
1464 428 
1465 92 
1466 858 
1467 154 
1468 203 
1469 595 
1470 1406 
1471 1342 
1472 517 
1473 324 
1474 273 
1475 103 
1476 240 
1477 171 
1478 437 
1479 292 
1480 834 
1481 1386 
1482 529 
1483 1480 
1484 185 
1485 310 
1486 2341 
1487 394 
1488 1414 
1489 491 
1490 830 
1491 1295 
1492 1175 
1493 1714 
1494 2595 
1495 229 
1496 295 
1497 1257 
1498 449 
1499 1351 
1500 817 
1501 585 
1502 330 
1503 419 
1504 355 
1505 2821 
1506 335 
1507 818 
1508 1334 
1509 613 
1510 927 
1511 1713 
1512 304 
1513 1972 
1514 1923 
1515 1056 
1516 514 
1517 1712 
1518 918 
1519 1078 
1520 85 
1521 90 
1522 1294 
1523 706 
1524 649 
1525 606 
1526 637 
1527 531 
1528 663 
1529 599 
1530 167 
1531 227 
1532 1203 
1533 346 
1534 343 
1535 658 
1536 2785 
1537 1398 
1538 1777 
1539 321 
1540 538 
1541 1199 
1542 725 
1543 153 
1544 793 
1545 227 
1546 241 
1547 566 
1548 301 
1549 435 
1550 1807 
1551 1027 
1552 186 
1553 157 
1554 355 
1555 600 
1556 995 
1557 268 
1558 626 
1559 762 
1560 341 
1561 379 
1562 2089 
1563 494 
1564 166 
1565 1188 
1566 1324 
1567 179 
1568 555 
1569 93 
1570 1141 
1571 1431 
1572 672 
1573 645 
1574 1005 
1575 811 
1576 1566 
1577 857 
1578 1491 
1579 413 
1580 806 
1581 646 
1582 1118 
1583 139 
1584 477 
1585 1190 
1586 1482 
1587 235 
1588 1887 
1589 1899 
1590 102 
1591 367 
1592 257 
1593 2438 
1594 817 
1595 978 
1596 168 
1597 232 
1598 934 
1599 573 
1600 293 
1601 194 
1602 1109 
1603 306 
1604 115 
1605 1420 
1606 979 
1607 1564 
1608 630 
1609 2717 
1610 240 
1611 1105 
1612 1021 
1613 364 
1614 244 
1615 140 
1616 90 
1617 2751 
1618 837 
1619 446 
1620 1375 
1621 278 
1622 1158 
1623 119 
1624 471 
1625 484 
1626 2840 
1627 427 
1628 1524 
1629 2629 
1630 285 
1631 374 
1632 854 
1633 371 
1634 1023 
1635 158 
1636 565 
1637 233 
1638 450 
1639 815 
1640 163 
1641 305 
1642 1549 
1643 120 
1644 309 
1645 1008 
1646 568 
1647 887 
1648 1663 
1649 769 
1650 1245 
1651 301 
1652 1158 
1653 223 
1654 1087 
1655 81 
1656 1243 
1657 988 
1658 81 
1659 255 
1660 173 
1661 560 
1662 1519 
1663 2592 
1664 103 
1665 182 
1666 83 
1667 886 
1668 2304 
1669 97 
1670 2752 
1671 374 
1672 463 
1673 2309 
1674 828 
1675 251 
1676 117 
1677 119 
1678 186 
1679 2420 
1680 434 
1681 445 
1682 288 
1683 564 
1684 241 
1685 3070 
1686 623 
1687 366 
1688 1029 
1689 204 
1690 180 
1691 792 
1692 1080 
1693 1382 
1694 2907 
1695 1339 
1696 128 
1697 2138 
1698 401 
1699 304 
1700 1945 
1701 2200 
1702 1708 
1703 491 
1704 648 
1705 2356 
1706 1209 
1707 1756 
1708 877 
1709 394 
1710 408 
1711 2190 
1712 581 
1713 327 
1714 1198 
1715 1058 
1716 1462 
1717 108 
1718 553 
1719 2226 
1720 859 
1721 1338 
1722 1680 
1723 1449 
1724 268 
1725 568 
1726 446 
1727 3406 
1728 1114 
1729 2599 
1730 164 
1731 90 
1732 2197 
1733 859 
1734 580 
1735 607 
1736 122 
1737 1078 
1738 1699 
1739 110 
1740 333 
1741 164 
1742 2384 
1743 410 
1744 978 
1745 2445 
1746 261 
1747 1785 
1748 1190 
1749 1269 
1750 1492 
1751 199 
1752 329 
1753 155 
1754 919 
1755 494 
1756 626 
1757 1039 
1758 344 
1759 479 
1760 313 
1761 1225 
1762 2139 
1763 164 
1764 1558 
1765 1454 
1766 1508 
1767 314 
1768 721 
1769 1920 
1770 1313 
1771 995 
1772 1689 
1773 559 
1774 546 
1775 254 
1776 324 
1777 407 
1778 1798 
1779 954 
1780 383 
1781 1026 
1782 256 
1783 148 
1784 81 
1785 991 
1786 531 
1787 1051 
1788 752 
1789 2796 
1790 503 
1791 582 
1792 935 
1793 369 
1794 396 
1795 242 
1796 2501 
1797 554 
1798 814 
1799 1292 
1800 393 
1801 1057 
1802 137 
1803 1268 
1804 663 
1805 1830 
1806 396 
1807 1084 
1808 784 
1809 575 
1810 1497 
1811 736 
1812 594 
1813 122 
1814 2572 
1815 1326 
1816 634 
1817 298 
1818 632 
1819 549 
1820 1662 
1821 1152 
1822 1829 
1823 468 
1824 1483 
1825 1785 
1826 293 
1827 1026 
1828 566 
1829 184 
1830 1182 
1831 176 
1832 1793 
1833 763 
1834 1294 
1835 231 
1836 364 
1837 828 
1838 222 
1839 489 
1840 2720 
1841 2815 
1842 601 
1843 998 
1844 914 
1845 1363 
1846 1094 
1847 528 
1848 623 
1849 1330 
1850 483 
1851 852 
1852 1225 
1853 3414 
1854 154 
1855 857 
1856 715 
1857 379 
1858 3278 
1859 130 
1860 1986 
1861 101 
1862 1226 
1863 127 
1864 660 
1865 166 
1866 2717 
1867 691 
1868 3116 
1869 771 
1870 783 
1871 747 
1872 3652 
1873 1092 
1874 1243 
1875 1325 
1876 230 
1877 148 
1878 209 
1879 511 
1880 443 
1881 1100 
1882 3204 
1883 917 
1884 388 
1885 2209 
1886 3253 
1887 634 
1888 2988 
1889 3315 
1890 699 
1891 343 
1892 220 
1893 921 
1894 449 
1895 1681 
1896 1078 
1897 1465 
1898 296 
1899 1157 
1900 579 
1901 217 
1902 2320 
1903 1348 
1904 302 
1905 912 
1906 3361 
1907 896 
1908 673 
1909 87 
1910 361 
1911 1147 
1912 656 
1913 1779 
1914 111 
1915 1033 
1916 533 
1917 394 
1918 650 
1919 555 
1920 634 
1921 1828 
1922 3226 
1923 1337 
1924 1146 
1925 918 
1926 758 
1927 702 
1928 451 
1929 233 
1930 264 
1931 1201 
1932 2785 
1933 723 
1934 234 
1935 1374 
1936 974 
1937 1458 
1938 1225 
1939 336 
1940 1607 
1941 241 
1942 1251 
1943 584 
1944 3482 
1945 2210 
1946 625 
1947 493 
1948 615 
1949 343 
1950 561 
1951 637 
1952 1556 
1953 967 
1954 252 
1955 332 
1956 434 
1957 634 
1958 192 
1959 1854 
1960 2445 
1961 2943 
1962 575 
1963 376 
1964 2920 
1965 1304 
1966 162 
1967 1847 
1968 1297 
1969 1379 
1970 107 
1971 1709 
1972 825 
1973 695 
1974 776 
1975 120 
1976 714 
1977 783 
1978 614 
1979 2837 
1980 338 
1981 2435 
1982 918 
1983 142 
1984 172 
1985 814 
1986 689 
1987 2734 
1988 438 
1989 195 
1990 3016 
1991 1418 
1992 2338 
1993 444 
1994 83 
1995 529 
1996 2341 
1997 206 
1998 668 
1999 254 
2000 163 
2001 859 
2002 1253 
2003 1200 
2004 510 
2005 1310 
2006 2292 
2007 1226 
2008 1763 
2009 632 
2010 2198 
2011 370 
2012 213 
2013 347 
2014 300 
2015 2565 
2016 1780 
2017 276 
2018 1982 
2019 1327 
2020 296 
2021 3218 
2022 603 
2023 138 
2024 230 
2025 145 
2026 1647 
2027 1625 
2028 2385 
2029 1697 
2030 1168 
2031 394 
2032 96 
2033 150 
2034 112 
2035 563 
2036 339 
2037 848 
2038 678 
2039 453 
2040 1191 
2041 89 
2042 345 
2043 2215 
2044 229 
2045 1248 
2046 374 
2047 1578 
2048 295 
2049 1150 
2050 551 
2051 305 
2052 2998 
2053 1339 
2054 1864 
2055 2160 
2056 982 
2057 90 
2058 391 
2059 366 
2060 666 
2061 252 
2062 854 
2063 601 
2064 770 
2065 2849 
2066 414 
2067 3038 
2068 579 
2069 1535 
2070 1512 
2071 202 
2072 1127 
2073 1195 
2074 918 
2075 1252 
2076 911 
2077 1403 
2078 441 
2079 159 
2080 308 
2081 279 
2082 168 
2083 621 
2084 475 
2085 570 
2086 871 
2087 942 
2088 576 
2089 1347 
2090 549 
2091 415 
2092 402 
2093 335 
2094 618 
2095 642 
2096 400 
2097 1616 
2098 1723 
2099 356 
2100 1178 
2101 311 
2102 779 
2103 1368 
2104 1944 
2105 425 
2106 369 
2107 2129 
2108 725 
2109 807 
2110 851 
2111 196 
2112 1603 
2113 1688 
2114 257 
2115 1246 
2116 448 
2117 458 
2118 453 
2119 167 
2120 150 
2121 381 
2122 158 
2123 1079 
2124 1334 
2125 161 
2126 1042 
2127 1467 
2128 3158 
2129 619 
2130 1720 
2131 590 
2132 812 
2133 495 
2134 417 
2135 1275 
2136 1611 
2137 1598 
2138 185 
2139 374 
2140 1743 
2141 258 
2142 1218 
2143 880 
2144 285 
2145 1285 
2146 2797 
2147 1610 
2148 1036 
2149 518 
2150 153 
2151 631 
2152 2132 
2153 2314 
2154 465 
2155 276 
2156 742 
2157 660 
2158 1985 
2159 393 
2160 979 
2161 969 
2162 812 
2163 483 
2164 215 
2165 2257 
2166 875 
2167 1124 
2168 105 
2169 1067 
2170 176 
2171 1280 
2172 2597 
2173 2696 
2174 1745 
2175 2013 
2176 324 
2177 178 
2178 123 
2179 1502 
2180 1799 
2181 534 
2182 719 
2183 1270 
2184 458 
2185 1052 
2186 1350 
2187 455 
2188 3547 
2189 653 
2190 302 
2191 942 
2192 265 
2193 558 
2194 121 
2195 439 
2196 1112 
2197 632 
2198 516 
2199 393 
2200 126 
2201 353 
2202 1770 
2203 815 
2204 116 
2205 103 
2206 301 
2207 95 
2208 711 
2209 359 
2210 338 
2211 1710 
2212 430 
2213 538 
2214 352 
2215 3004 
2216 484 
2217 525 
2218 357 
2219 263 
2220 1561 
2221 1776 
2222 1375 
2223 1209 
2224 222 
2225 766 
2226 2435 
2227 522 
2228 3145 
2229 434 
2230 877 
2231 764 
2232 710 
2233 671 
2234 1685 
2235 889 
2236 809 
2237 3070 
2238 98 
2239 1714 
2240 3313 
2241 456 
2242 211 
2243 90 
2244 541 
2245 608 
2246 898 
2247 548 
2248 3087 
2249 325 
2250 450 
2251 1911 
2252 274 
2253 2200 
2254 944 
2255 499 
2256 642 
2257 244 
2258 1372 
2259 1787 
2260 160 
2261 584 
2262 978 
2263 1736 
2264 735 
2265 1396 
2266 2358 
2267 1179 
2268 104 
2269 1525 
2270 2003 
2271 457 
2272 130 
2273 1025 
2274 1934 
2275 681 
2276 2048 
2277 855 
2278 1022 
2279 176 
2280 160 
2281 794 
2282 513 
2283 314 
2284 418 
2285 321 
2286 727 
2287 302 
2288 707 
2289 564 
2290 337 
2291 1010 
2292 2165 
2293 944 
2294 773 
2295 2153 
2296 882 
2297 380 
2298 2230 
2299 463 
2300 474 
2301 2916 
2302 514 
2303 691 
2304 369 
2305 2425 
2306 339 
2307 277 
2308 818 
2309 430 
2310 285 
2311 681 
2312 427 
2313 692 
2314 1672 
2315 1449 
2316 326 
2317 596 
2318 989 
2319 162 
2320 600 
2321 957 
2322 2711 
2323 109 
2324 919 
2325 401 
2326 610 
2327 580 
2328 865 
2329 307 
2330 1506 
2331 1669 
2332 895 
2333 262 
2334 2688 
2335 680 
2336 3085 
2337 1852 
2338 1409 
2339 482 
2340 1761 
2341 696 
2342 409 
2343 1178 
2344 1343 
2345 212 
2346 1601 
2347 1046 
2348 143 
2349 1529 
2350 465 
2351 148 
2352 328 
2353 1711 
2354 356 
2355 268 
2356 2371 
2357 2730 
2358 381 
2359 388 
2360 130 
2361 739 
2362 924 
2363 1041 
2364 239 
2365 1628 
2366 219 
2367 1177 
2368 1397 
2369 268 
2370 234 
2371 1044 
2372 568 
2373 450 
2374 1929 
2375 1359 
2376 924 
2377 1165 
2378 471 
2379 109 
2380 2881 
2381 1302 
2382 312 
2383 2634 
2384 505 
2385 288 
2386 1791 
2387 1212 
2388 965 
2389 332 
2390 2744 
2391 283 
2392 388 
2393 3195 
2394 638 
2395 349 
2396 294 
2397 1107 
2398 326 
2399 201 
2400 209 
2401 1699 
2402 402 
2403 299 
2404 978 
2405 694 
2406 835 
2407 202 
2408 475 
2409 230 
2410 2118 
2411 209 
2412 419 
2413 176 
2414 2528 
2415 116 
2416 436 
2417 191 
2418 801 
2419 635 
2420 376 
2421 440 
2422 114 
2423 189 
2424 923 
2425 502 
2426 3676 
2427 994 
2428 322 
2429 761 
2430 942 
2431 1018 
2432 404 
2433 134 
2434 192 
2435 3807 
2436 126 
2437 1419 
2438 1453 
2439 524 
2440 361 
2441 214 
2442 552 
2443 308 
2444 161 
2445 146 
2446 1429 
2447 94 
2448 1841 
2449 338 
2450 1640 
2451 458 
2452 478 
2453 954 
2454 102 
2455 2276 
2456 155 
2457 290 
2458 904 
2459 2916 
2460 89 
2461 815 
2462 923 
2463 1196 
2464 2422 
2465 1963 
2466 2138 
2467 111 
2468 779 
2469 865 
2470 459 
2471 813 
2472 2144 
2473 533 
2474 117 
2475 2255 
2476 1667 
2477 706 
2478 786 
2479 2003 
2480 218 
2481 681 
2482 232 
2483 645 
2484 243 
2485 1416 
2486 722 
2487 2306 
2488 330 
2489 3630 
2490 164 
2491 1410 
2492 485 
2493 696 
2494 1211 
2495 164 
2496 713 
2497 2948 
2498 438 
2499 1749 
2500 1037 
2501 528 
2502 778 
2503 293 
2504 350 
2505 564 
2506 119 
2507 1690 
2508 705 
2509 1419 
2510 133 
2511 928 
2512 1555 
2513 2247 
2514 2231 
2515 113 
2516 474 
2517 1090 
2518 1988 
2519 128 
2520 479 
2521 1573 
2522 1037 
2523 374 
2524 273 
2525 1706 
2526 1029 
2527 181 
2528 642 
2529 950 
2530 262 
2531 513 
2532 1046 
2533 314 
2534 1741 
2535 929 
2536 1119 
2537 144 
2538 126 
2539 2733 
2540 1433 
2541 972 
2542 2032 
2543 624 
2544 389 
2545 926 
2546 2095 
2547 922 
2548 1279 
2549 708 
2550 195 
2551 723 
2552 458 
2553 456 
2554 2801 
2555 222 
2556 483 
2557 256 
2558 3890 
2559 112 
2560 1718 
2561 1015 
2562 1967 
2563 469 
2564 388 
2565 1340 
2566 92 
2567 1092 
2568 752 
2569 440 
2570 188 
2571 121 
2572 133 
2573 990 
2574 329 
2575 346 
2576 350 
2577 225 
2578 81 
2579 632 
2580 594 
2581 254 
2582 1564 
2583 1576 
2584 913 
2585 148 
2586 1235 
2587 1671 
2588 692 
2589 1435 
2590 510 
2591 538 
2592 1181 
2593 199 
2594 331 
2595 233 
2596 368 
2597 476 
2598 127 
2599 558 
2600 1138 
2601 192 
2602 1150 
2603 850 
2604 954 
2605 3706 
2606 586 
2607 1534 
2608 3815 
2609 1455 
2610 241 
2611 594 
2612 483 
2613 2224 
2614 476 
2615 992 
2616 604 
2617 84 
2618 383 
2619 693 
2620 608 
2621 129 
2622 1245 
2623 566 
2624 1628 
2625 289 
2626 476 
2627 1507 
2628 920 
2629 412 
2630 406 
2631 122 
2632 851 
2633 771 
2634 84 
2635 1455 
2636 974 
2637 526 
2638 1646 
2639 667 
2640 229 
2641 341 
2642 1579 
2643 520 
2644 87 
2645 485 
2646 333 
2647 342 
2648 1390 
2649 1536 
2650 2733 
2651 894 
2652 3759 
2653 1951 
2654 437 
2655 854 
2656 454 
2657 587 
2658 510 
2659 842 
2660 216 
2661 613 
2662 137 
2663 548 
2664 295 
2665 156 
2666 1581 
2667 696 
2668 91 
2669 1672 
2670 1187 
2671 543 
2672 3247 
2673 1065 
2674 297 
2675 171 
2676 253 
2677 1144 
2678 826 
2679 593 
2680 236 
2681 908 
2682 312 
2683 229 
2684 310 
2685 509 
2686 82 
2687 269 
2688 981 
2689 1127 
2690 761 
2691 1068 
2692 1496 
2693 156 
2694 104 
2695 233 
2696 226 
2697 1346 
2698 201 
2699 2061 
2700 925 
2701 526 
2702 702 
2703 1632 
2704 231 
2705 1070 
2706 106 
2707 564 
2708 800 
2709 613 
2710 484 
2711 3145 
2712 1585 
2713 325 
2714 160 
2715 2003 
2716 1019 
2717 972 
2718 1492 
2719 900 
2720 1217 
2721 697 
2722 1508 
2723 854 
2724 189 
2725 966 
2726 835 
2727 509 
2728 395 
2729 637 
2730 98 
2731 906 
2732 318 
2733 641 
2734 907 
2735 2424 
2736 2435 
2737 296 
2738 215 
2739 682 
2740 1557 
2741 3540 
2742 255 
2743 698 
2744 471 
2745 1751 
2746 1315 
2747 320 
2748 1447 
2749 479 
2750 300 
2751 947 
2752 423 
2753 894 
2754 573 
2755 913 
2756 175 
2757 265 
2758 1847 
2759 1833 
2760 552 
2761 122 
2762 1891 
2763 292 
2764 492 
2765 3235 
2766 242 
2767 749 
2768 1328 
2769 136 
2770 388 
2771 302 
2772 104 
2773 937 
2774 637 
2775 474 
2776 3229 
2777 373 
2778 1699 
2779 86 
2780 1251 
2781 2745 
2782 574 
2783 1814 
2784 896 
2785 461 
2786 2225 
2787 359 
2788 1064 
2789 1797 
2790 1579 
2791 844 
2792 532 
2793 2616 
2794 1037 
2795 423 
2796 588 
2797 2200 
2798 2024 
2799 818 
2800 1238 
2801 1036 
2802 493 
2803 2691 
2804 298 
2805 2770 
2806 1545 
2807 549 
2808 283 
2809 3701 
2810 1588 
2811 990 
2812 184 
2813 447 
2814 218 
2815 1284 
2816 401 
2817 363 
2818 761 
2819 252 
2820 598 
2821 2623 
2822 332 
2823 538 
2824 1429 
2825 1226 
2826 2218 
2827 240 
2828 504 
2829 1378 
2830 129 
2831 594 
2832 3412 
2833 850 
2834 384 
2835 138 
2836 262 
2837 302 
2838 181 
2839 582 
2840 1000 
2841 539 
2842 205 
2843 375 
2844 998 
2845 1225 
2846 133 
2847 705 
2848 217 
2849 400 
2850 618 
2851 2575 
2852 418 
2853 196 
2854 144 
2855 741 
2856 493 
2857 417 
2858 1559 
2859 622 
2860 91 
2861 2509 
2862 179 
2863 1606 
2864 1218 
2865 1730 
2866 166 
2867 2116 
2868 516 
2869 663 
2870 625 
2871 1317 
2872 158 
2873 1188 
2874 801 
2875 1565 
2876 953 
2877 1176 
2878 538 
2879 1480 
2880 1699 
2881 687 
2882 114 
2883 439 
2884 1781 
2885 581 
2886 707 
2887 129 
2888 87 
2889 466 
2890 424 
2891 543 
2892 1850 
2893 377 
2894 844 
2895 805 
2896 333 
2897 558 
2898 2281 
2899 842 
2900 2096 
2901 1539 
2902 274 
2903 426 
2904 1031 
2905 1195 
2906 719 
2907 972 
2908 1234 
2909 242 
2910 274 
2911 202 
2912 337 
2913 223 
2914 1035 
2915 292 
2916 2026 
2917 98 
2918 1860 
2919 1423 
2920 1078 
2921 1037 
2922 111 
2923 855 
2924 1975 
2925 3500 
2926 787 
2927 1007 
2928 1844 
2929 1363 
2930 2499 
2931 393 
2932 2820 
2933 1853 
2934 201 
2935 419 
2936 209 
2937 1514 
2938 1268 
2939 268 
2940 853 
2941 1538 
2942 164 
2943 605 
2944 2706 
2945 431 
2946 570 
2947 161 
2948 2362 
2949 201 
2950 489 
2951 1542 
2952 859 
2953 127 
2954 1478 
2955 556 
2956 450 
2957 1660 
2958 102 
2959 1022 
2960 816 
2961 249 
2962 1330 
2963 626 
2964 814 
2965 1449 
2966 1265 
2967 2046 
2968 2455 
2969 2751 
2970 804 
2971 178 
2972 100 
2973 947 
2974 93 
2975 94 
2976 703 
2977 1774 
2978 234 
2979 1596 
2980 2384 
2981 1548 
2982 1315 
2983 3221 
2984 766 
2985 722 
2986 476 
2987 407 
2988 3085 
2989 276 
2990 92 
2991 662 
2992 246 
2993 793 
2994 3162 
2995 442 
2996 995 
2997 2640 
2998 2955 
2999 227 
3000 571 
3001 2298 
3002 130 
3003 1829 
3004 1679 
3005 317 
3006 779 
3007 1447 
3008 2186 
3009 587 
3010 1370 
3011 343 
3012 568 
3013 1041 
3014 161 
3015 242 
3016 374 
3017 275 
3018 3520 
3019 418 
3020 124 
3021 1316 
3022 136 
3023 172 
3024 218 
3025 2890 
3026 2657 
3027 1153 
3028 2028 
3029 2633 
3030 3510 
3031 289 
3032 133 
3033 361 
3034 1570 
3035 249 
3036 98 
3037 2067 
3038 446 
3039 329 
3040 225 
3041 595 
3042 577 
3043 374 
3044 281 
3045 204 
3046 707 
3047 195 
3048 671 
3049 1833 
3050 341 
3051 894 
3052 334 
3053 913 
3054 3631 
3055 164 
3056 426 
3057 1637 
3058 2128 
3059 468 
3060 873 
3061 401 
3062 389 
3063 854 
3064 684 
3065 300 
3066 892 
3067 373 
3068 346 
3069 940 
3070 523 
3071 352 
3072 610 
3073 1229 
3074 1443 
3075 179 
3076 605 
3077 1015 
3078 1640 
3079 473 
3080 657 
3081 108 
3082 560 
3083 803 
3084 1891 
3085 956 
3086 912 
3087 144 
3088 371 
3089 129 
3090 106 
3091 326 
3092 170 
3093 887 
3094 384 
3095 1251 
3096 90 
3097 144 
3098 272 
3099 1776 
3100 2387 
3101 2922 
3102 532 
3103 231 
3104 2350 
3105 156 
3106 782 
3107 93 
3108 1890 
3109 769 
3110 662 
3111 708 
3112 228 
3113 365 
3114 2064 
3115 1977 
3116 650 
3117 166 
3118 114 
3119 1098 
3120 278 
3121 541 
3122 691 
3123 1325 
3124 668 
3125 657 
3126 868 
3127 1749 
3128 848 
3129 3455 
3130 3214 
3131 1339 
3132 861 
3133 1705 
3134 730 
3135 1521 
3136 735 
3137 1348 
3138 2686 
3139 2793 
3140 126 
3141 2691 
3142 2723 
3143 3148 
3144 117 
3145 135 
3146 3295 
3147 1212 
3148 675 
3149 1694 
3150 1795 
3151 698 
3152 1536 
3153 627 
3154 925 
3155 360 
3156 160 
3157 1603 
3158 295 
3159 336 
3160 260 
3161 2505 
3162 2807 
3163 1226 
3164 316 
3165 379 
3166 182 
3167 1399 
3168 1623 
3169 1375 
3170 150 
3171 2088 
3172 846 
3173 852 
3174 2744 
3175 105 
3176 365 
3177 1569 
3178 868 
3179 166 
3180 1442 
3181 886 
3182 1759 
3183 2217 
3184 547 
3185 1182 
3186 1601 
3187 93 
3188 753 
3189 375 
3190 583 
3191 1703 
3192 790 
3193 92 
3194 2866 
3195 1593 
3196 806 
3197 318 
3198 140 
3199 1075 
3200 487 
3201 406 
3202 689 
3203 1029 
3204 2062 
3205 1978 
3206 3105 
3207 418 
3208 333 
3209 3590 
3210 380 
3211 1871 
3212 877 
3213 1765 
3214 456 
3215 534 
3216 906 
3217 1477 
3218 384 
3219 89 
3220 651 
3221 2076 
3222 1164 
3223 2020 
3224 593 
3225 764 
3226 599 
3227 854 
3228 1178 
3229 676 
3230 495 
3231 1335 
3232 1608 
3233 395 
3234 113 
3235 943 
3236 296 
3237 327 
3238 550 
3239 3890 
3240 394 
3241 1022 
3242 1547 
3243 224 
3244 2190 
3245 358 
3246 552 
3247 2104 
3248 663 
3249 1046 
3250 1336 
3251 637 
3252 222 
3253 1701 
3254 2509 
3255 85 
3256 117 
3257 2466 
3258 1024 
3259 1121 
3260 86 
3261 779 
3262 122 
3263 267 
3264 1190 
3265 105 
3266 1183 
3267 1955 
3268 949 
3269 1412 
3270 1289 
3271 1809 
3272 2725 
3273 550 
3274 129 
3275 400 
3276 855 
3277 528 
3278 508 
3279 535 
3280 956 
3281 647 
3282 273 
3283 1145 
3284 827 
3285 345 
3286 906 
3287 109 
3288 566 
3289 757 
3290 369 
3291 1438 
3292 252 
3293 767 
3294 1719 
3295 287 
3296 1664 
3297 1193 
3298 397 
3299 151 
3300 520 
3301 246 
3302 814 
3303 527 
3304 891 
3305 509 
3306 265 
3307 1669 
3308 591 
3309 175 
3310 1715 
3311 399 
3312 319 
3313 200 
3314 208 
3315 434 
3316 1004 
3317 1179 
3318 492 
3319 1053 
3320 1619 
3321 139 
3322 85 
3323 309 
3324 603 
3325 588 
3326 2884 
3327 103 
3328 693 
3329 259 
3330 221 
3331 149 
3332 1744 
3333 594 
3334 1444 
3335 412 
3336 186 
3337 319 
3338 128 
3339 946 
3340 1328 
3341 204 
3342 2994 
3343 475 
3344 538 
3345 901 
3346 865 
3347 2149 
3348 600 
3349 1455 
3350 1869 
3351 1360 
3352 175 
3353 876 
3354 2247 
3355 491 
3356 1102 
3357 924 
3358 1007 
3359 1955 
3360 317 
3361 2831 
3362 193 
3363 1540 
3364 1453 
3365 637 
3366 508 
3367 390 
3368 918 
3369 1047 
3370 997 
3371 398 
3372 506 
3373 601 
3374 687 
3375 210 
3376 379 
3377 292 
3378 130 
3379 1267 
3380 711 
3381 1480 
3382 1361 
3383 1081 
3384 617 
3385 2550 
3386 2414 
3387 1291 
3388 1532 
3389 1472 
3390 1640 
3391 176 
3392 1117 
3393 172 
3394 263 
3395 521 
3396 167 
3397 2082 
3398 764 
3399 1823 
3400 1688 
3401 335 
3402 2078 
3403 804 
3404 387 
3405 305 
3406 969 
3407 766 
3408 1025 
3409 265 
3410 375 
3411 703 
3412 526 
3413 86 
3414 1315 
3415 1981 
3416 1035 
3417 587 
3418 646 
3419 102 
3420 179 
3421 1849 
3422 555 
3423 760 
3424 613 
3425 2103 
3426 247 
3427 1062 
3428 560 
3429 981 
3430 856 
3431 335 
3432 236 
3433 1274 
3434 377 
3435 2313 
3436 372 
3437 898 
3438 200 
3439 198 
3440 1397 
3441 584 
3442 1417 
3443 290 
3444 178 
3445 3821 
3446 2690 
3447 221 
3448 612 
3449 1378 
3450 760 
3451 2866 
3452 590 
3453 472 
3454 150 
3455 1604 
3456 907 
3457 1586 
3458 1281 
3459 1778 
3460 983 
3461 705 
3462 877 
3463 535 
3464 2572 
3465 384 
3466 662 
3467 142 
3468 930 
3469 393 
3470 957 
3471 915 
3472 2722 
3473 174 
3474 86 
3475 188 
3476 1094 
3477 192 
3478 455 
3479 1616 
3480 346 
3481 256 
3482 900 
3483 836 
3484 124 
3485 697 
3486 1764 
3487 1073 
3488 281 
3489 528 
3490 89 
3491 482 
3492 228 
3493 387 
3494 3577 
3495 416 
3496 1542 
3497 281 
3498 1336 
3499 748 
3500 1626 
3501 2463 
3502 907 
3503 827 
3504 103 
3505 244 
3506 650 
3507 490 
3508 1292 
3509 1410 
3510 167 
3511 384 
3512 805 
3513 459 
3514 644 
3515 3467 
3516 274 
3517 1547 
3518 1027 
3519 912 
3520 1381 
3521 1535 
3522 171 
3523 2122 
3524 998 
3525 1352 
3526 290 
3527 115 
3528 853 
3529 522 
3530 1733 
3531 1883 
3532 452 
3533 969 
3534 1349 
3535 347 
3536 279 
3537 3205 
3538 2071 
3539 1786 
3540 1871 
3541 212 
3542 250 
3543 1116 
3544 136 
3545 904 
3546 412 
3547 2003 
3548 621 
3549 470 
3550 707 
3551 796 
3552 962 
3553 228 
3554 3053 
3555 440 
3556 239 
3557 208 
3558 1070 
3559 775 
3560 2115 
3561 1321 
3562 716 
3563 314 
3564 1677 
3565 781 
3566 95 
3567 276 
3568 612 
3569 256 
3570 3637 
3571 509 
3572 2584 
3573 3470 
3574 431 
3575 994 
3576 439 
3577 1042 
3578 316 
3579 175 
3580 109 
3581 101 
3582 459 
3583 806 
3584 2184 
3585 2344 
3586 1044 
3587 806 
3588 622 
3589 1663 
3590 1144 
3591 1545 
3592 1055 
3593 201 
3594 444 
3595 1978 
3596 700 
3597 725 
3598 1067 
3599 208 
3600 719 
3601 236 
3602 144 
3603 708 
3604 2415 
3605 2502 
3606 1303 
3607 1282 
3608 580 
3609 1260 
3610 140 
3611 197 
3612 2192 
3613 333 
3614 525 
3615 1425 
3616 159 
3617 439 
3618 969 
3619 381 
3620 264 
3621 447 
3622 928 
3623 279 
3624 1042 
3625 2026 
3626 106 
3627 3046 
3628 504 
3629 1248 
3630 160 
3631 208 
3632 785 
3633 504 
3634 606 
3635 3057 
3636 272 
3637 454 
3638 222 
3639 249 
3640 1158 
3641 172 
3642 1517 
3643 322 
3644 1497 
3645 2118 
3646 115 
3647 907 
3648 248 
3649 2852 
3650 1228 
3651 3748 
3652 1226 
3653 2232 
3654 1334 
3655 84 
3656 326 
3657 158 
3658 380 
3659 1511 
3660 994 
3661 1092 
3662 1472 
3663 2740 
3664 402 
3665 713 
3666 1953 
3667 1578 
3668 208 
3669 611 
3670 835 
3671 1725 
3672 2532 
3673 254 
3674 2854 
3675 544 
3676 1286 
3677 3893 
3678 1097 
3679 542 
3680 865 
3681 649 
3682 189 
3683 2521 
3684 693 
3685 418 
3686 2460 
3687 318 
3688 927 
3689 490 
3690 679 
3691 1246 
3692 1379 
3693 1142 
3694 1040 
3695 401 
3696 1598 
3697 874 
3698 326 
3699 278 
3700 556 
3701 764 
3702 295 
3703 435 
3704 107 
3705 2297 
3706 543 
3707 540 
3708 614 
3709 2216 
3710 2146 
3711 541 
3712 3451 
3713 527 
3714 699 
3715 223 
3716 523 
3717 1433 
3718 2224 
3719 442 
3720 490 
3721 303 
3722 367 
3723 3145 
3724 194 
3725 1213 
3726 291 
3727 1981 
3728 809 
3729 1362 
3730 946 
3731 801 
3732 2124 
3733 1481 
3734 1056 
3735 814 
3736 2191 
3737 1202 
3738 1843 
3739 166 
3740 1078 
3741 732 
3742 799 
3743 1428 
3744 2076 
3745 1715 
3746 753 
3747 1060 
3748 1757 
3749 758 
3750 468 
3751 1149 
3752 221 
3753 532 
3754 158 
3755 302 
3756 478 
3757 327 
3758 991 
3759 243 
3760 567 
3761 1208 
3762 1695 
3763 531 
3764 134 
3765 829 
3766 3055 
3767 3071 
3768 1477 
3769 1899 
3770 1166 
3771 3061 
3772 1335 
3773 2548 
3774 934 
3775 1834 
3776 396 
3777 680 
3778 200 
3779 273 
3780 130 
3781 156 
3782 1723 
3783 814 
3784 2988 
3785 658 
3786 422 
3787 109 
3788 216 
3789 1909 
3790 362 
3791 1121 
3792 1527 
3793 1642 
3794 482 
3795 542 
3796 3034 
3797 2239 
3798 494 
3799 1799 
3800 297 
3801 2753 
3802 524 
3803 1600 
3804 122 
3805 2154 
3806 209 
3807 471 
3808 1331 
3809 756 
3810 471 
3811 1645 
3812 947 
3813 910 
3814 926 
3815 740 
3816 210 
3817 308 
3818 1410 
3819 498 
3820 181 
3821 1102 
3822 1566 
3823 911 
3824 518 
3825 214 
3826 450 
3827 612 
3828 86 
3829 406 
3830 1991 
3831 1653 
3832 773 
3833 433 
3834 797 
3835 1313 
3836 96 
3837 132 
3838 478 
3839 336 
3840 135 
3841 695 
3842 89 
3843 1079 
3844 322 
3845 3126 
3846 240 
3847 901 
3848 1221 
3849 518 
3850 417 
3851 3654 
3852 173 
3853 579 
3854 709 
3855 82 
3856 729 
3857 1740 
3858 1259 
3859 1250 
3860 496 
3861 3039 
3862 2285 
3863 2442 
3864 1082 
3865 997 
3866 334 
3867 854 
3868 844 
3869 1354 
3870 2304 
3871 2814 
3872 2082 
3873 2365 
3874 1739 
3875 245 
3876 552 
3877 562 
3878 1689 
3879 875 
3880 446 
3881 685 
3882 127 
3883 154 
3884 563 
3885 2278 
3886 100 
3887 295 
3888 771 
3889 891 
3890 1533 
3891 221 
3892 950 
3893 1391 
3894 405 
3895 1056 
3896 2061 
3897 85 
3898 396 
3899 492 
3900 669 
3901 167 
3902 995 
3903 679 
3904 422 
3905 539 
3906 2009 
3907 230 
3908 1056 
3909 124 
3910 975 
3911 418 
3912 1249 
3913 747 
3914 1111 
3915 1539 
3916 724 
3917 530 
3918 94 
3919 831 
3920 840 
3921 2079 
3922 571 
3923 226 
3924 1361 
3925 530 
3926 2719 
3927 707 
3928 550 
3929 1098 
3930 541 
3931 959 
3932 1156 
3933 999 
3934 154 
3935 806 
3936 1917 
3937 764 
3938 293 
3939 2072 
3940 928 
3941 1447 
3942 1267 
3943 642 
3944 1202 
3945 428 
3946 605 
3947 601 
3948 271 
3949 817 
3950 137 
3951 1511 
3952 268 
3953 1989 
3954 294 
3955 438 
3956 2448 
3957 913 
3958 81 
3959 676 
3960 3364 
3961 204 
3962 244 
3963 1187 
3964 520 
3965 1560 
3966 342 
3967 237 
3968 1820 
3969 2343 
3970 2188 
3971 1119 
3972 360 
3973 250 
3974 560 
3975 562 
3976 2657 
3977 455 
3978 216 
3979 105 
3980 250 
3981 708 
3982 1250 
3983 305 
3984 1664 
3985 2875 
3986 961 
3987 769 
3988 1082 
3989 1045 
3990 145 
3991 1864 
3992 160 
3993 141 
3994 329 
3995 808 
3996 114 
3997 1404 
3998 1801 
3999 135 
4000 1240 
4001 536 
4002 198 
4003 551 
4004 748 
4005 824 
4006 365 
4007 570 
4008 1674 
4009 1342 
4010 478 
4011 965 
4012 426 
4013 151 
4014 1595 
4015 1962 
4016 1618 
4017 2304 
4018 1422 
4019 665 
4020 878 
4021 589 
4022 161 
4023 1740 
4024 1242 
4025 1151 
4026 1289 
4027 921 
4028 543 
4029 92 
4030 237 
4031 222 
4032 364 
4033 531 
4034 518 
4035 903 
4036 169 
4037 139 
4038 1163 
4039 2792 
4040 2872 
4041 992 
4042 1333 
4043 134 
4044 375 
4045 1061 
4046 133 
4047 2009 
4048 135 
4049 1587 
4050 2870 
4051 3278 
4052 1515 
4053 656 
4054 269 
4055 911 
4056 433 
4057 265 
4058 1421 
4059 704 
4060 433 
4061 2385 
4062 800 
4063 147 
4064 221 
4065 349 
4066 225 
4067 275 
4068 822 
4069 895 
4070 1071 
4071 500 
4072 171 
4073 186 
4074 1155 
4075 931 
4076 2005 
4077 324 
4078 518 
4079 838 
4080 490 
4081 3100 
4082 1392 
4083 1002 
4084 1463 
4085 481 
4086 2427 
4087 616 
4088 1236 
4089 2717 
4090 192 
4091 903 
4092 408 
4093 771 
4094 2198 
4095 319 
4096 1397 
4097 138 
4098 389 
4099 1575 
4100 1218 
4101 1235 
4102 358 
4103 3046 
4104 320 
4105 542 
4106 585 
4107 668 
4108 1522 
4109 422 
4110 3178 
4111 956 
4112 2017 
4113 1184 
4114 873 
4115 1090 
4116 184 
4117 379 
4118 237 
4119 991 
4120 1298 
4121 750 
4122 792 
4123 473 
4124 138 
4125 163 
4126 1506 
4127 1079 
4128 168 
4129 452 
4130 928 
4131 427 
4132 451 
4133 483 
4134 1938 
4135 724 
4136 169 
4137 852 
4138 1176 
4139 858 
4140 654 
4141 505 
4142 542 
4143 106 
4144 1339 
4145 84 
4146 544 
4147 1429 
4148 898 
4149 1199 
4150 1268 
4151 820 
4152 931 
4153 374 
4154 231 
4155 445 
4156 478 
4157 317 
4158 147 
4159 640 
4160 439 
4161 1473 
4162 90 
4163 233 
4164 1812 
4165 245 
4166 336 
4167 3685 
4168 339 
4169 1360 
4170 242 
4171 1038 
4172 1253 
4173 776 
4174 1308 
4175 850 
4176 364 
4177 367 
4178 295 
4179 279 
4180 1221 
4181 507 
4182 163 
4183 647 
4184 887 
4185 1031 
4186 666 
4187 167 
4188 513 
4189 251 
4190 597 
4191 1303 
4192 1053 
4193 457 
4194 1923 
4195 355 
4196 196 
4197 1848 
4198 965 
4199 169 
4200 893 
4201 811 
4202 2514 
4203 290 
4204 1741 
4205 1355 
4206 304 
4207 3442 
4208 641 
4209 1553 
4210 1091 
4211 531 
4212 1315 
4213 339 
4214 2958 
4215 781 
4216 505 
4217 563 
4218 1284 
4219 1907 
4220 1123 
4221 1431 
4222 1230 
4223 246 
4224 993 
4225 2164 
4226 238 
4227 1832 
4228 411 
4229 902 
4230 1229 
4231 1236 
4232 204 
4233 380 
4234 1429 
4235 2392 
4236 377 
4237 2666 
4238 289 
4239 786 
4240 249 
4241 327 
4242 243 
4243 327 
4244 456 
4245 613 
4246 2389 
4247 402 
4248 486 
4249 194 
4250 683 
4251 342 
4252 1156 
4253 1306 
4254 294 
4255 1525 
4256 1007 
4257 1143 
4258 585 
4259 372 
4260 2995 
4261 729 
4262 119 
4263 813 
4264 390 
4265 1717 
4266 265 
4267 1467 
4268 651 
4269 836 
4270 686 
4271 185 
4272 3518 
4273 105 
4274 1458 
4275 604 
4276 640 
4277 448 
4278 630 
4279 2977 
4280 930 
4281 3812 
4282 267 
4283 3610 
4284 1139 
4285 233 
4286 542 
4287 3107 
4288 683 
4289 920 
4290 430 
4291 273 
4292 836 
4293 911 
4294 537 
4295 362 
4296 541 
4297 228 
4298 157 
4299 330 
4300 1118 
4301 942 
4302 371 
4303 330 
4304 562 
4305 1443 
4306 482 
4307 210 
4308 239 
4309 829 
4310 2136 
4311 279 
4312 1481 
4313 487 
4314 802 
4315 420 
4316 1030 
4317 156 
4318 212 
4319 197 
4320 1286 
4321 417 
4322 251 
4323 596 
4324 2086 
4325 1552 
4326 557 
4327 916 
4328 1330 
4329 562 
4330 296 
4331 1531 
4332 1288 
4333 166 
4334 286 
4335 1353 
4336 276 
4337 377 
4338 919 
4339 2937 
4340 943 
4341 278 
4342 552 
4343 1063 
4344 1926 
4345 2013 
4346 85 
4347 1492 
4348 434 
4349 337 
4350 464 
4351 154 
4352 522 
4353 314 
4354 820 
4355 512 
4356 809 
4357 510 
4358 698 
4359 211 
4360 224 
4361 1403 
4362 753 
4363 1104 
4364 3506 
4365 939 
4366 1088 
4367 343 
4368 518 
4369 95 
4370 2463 
4371 3090 
4372 946 
4373 439 
4374 752 
4375 126 
4376 106 
4377 140 
4378 802 
4379 636 
4380 298 
4381 817 
4382 426 
4383 2542 
4384 3364 
4385 2605 
4386 189 
4387 222 
4388 572 
4389 153 
4390 375 
4391 170 
4392 990 
4393 1415 
4394 350 
4395 330 
4396 851 
4397 109 
4398 2637 
4399 788 
4400 273 
4401 1583 
4402 149 
4403 609 
4404 787 
4405 1291 
4406 2558 
4407 211 
4408 1004 
4409 613 
4410 1042 
4411 492 
4412 408 
4413 2024 
4414 693 
4415 335 
4416 263 
4417 438 
4418 705 
4419 415 
4420 408 
4421 169 
4422 1123 
4423 978 
4424 86 
4425 629 
4426 205 
4427 1451 
4428 1219 
4429 384 
4430 362 
4431 3392 
4432 1466 
4433 1493 
4434 208 
4435 1070 
4436 2137 
4437 905 
4438 1168 
4439 147 
4440 1306 
4441 2210 
4442 1790 
4443 1400 
4444 385 
4445 1731 
4446 486 
4447 2880 
4448 1814 
4449 219 
4450 833 
4451 552 
4452 1873 
4453 129 
4454 1148 
4455 221 
4456 654 
4457 804 
4458 173 
4459 576 
4460 146 
4461 531 
4462 234 
4463 828 
4464 110 
4465 155 
4466 325 
4467 328 
4468 293 
4469 804 
4470 1494 
4471 376 
4472 464 
4473 300 
4474 1848 
4475 1951 
4476 1007 
4477 282 
4478 469 
4479 826 
4480 551 
4481 199 
4482 522 
4483 299 
4484 355 
4485 458 
4486 1374 
4487 1226 
4488 1383 
4489 1752 
4490 806 
4491 408 
4492 100 
4493 1605 
4494 866 
4495 329 
4496 306 
4497 492 
4498 1453 
4499 413 
4500 1445 
4501 680 
4502 609 
4503 165 
4504 229 
4505 2612 
4506 467 
4507 984 
4508 1157 
4509 814 
4510 122 
4511 284 
4512 556 
4513 479 
4514 877 
4515 3691 
4516 126 
4517 838 
4518 1048 
4519 147 
4520 565 
4521 677 
4522 300 
4523 1090 
4524 1158 
4525 138 
4526 462 
4527 686 
4528 622 
4529 771 
4530 83 
4531 371 
4532 103 
4533 117 
4534 2359 
4535 1868 
4536 617 
4537 189 
4538 97 
4539 524 
4540 1109 
4541 1901 
4542 3311 
4543 204 
4544 215 
4545 917 
4546 1804 
4547 1643 
4548 637 
4549 502 
4550 119 
4551 1013 
4552 248 
4553 179 
4554 503 
4555 581 
4556 551 
4557 536 
4558 1231 
4559 2623 
4560 882 
4561 156 
4562 1017 
4563 922 
4564 226 
4565 2025 
4566 816 
4567 549 
4568 498 
4569 1207 
4570 496 
4571 535 
4572 1198 
4573 1124 
4574 789 
4575 2561 
4576 104 
4577 1495 
4578 379 
4579 511 
4580 1170 
4581 2807 
4582 327 
4583 987 
4584 508 
4585 224 
4586 1922 
4587 167 
4588 1781 
4589 382 
4590 435 
4591 2040 
4592 195 
4593 1493 
4594 2287 
4595 222 
4596 940 
4597 1553 
4598 116 
4599 389 
4600 667 
4601 186 
4602 2000 
4603 706 
4604 281 
4605 520 
4606 2544 
4607 228 
4608 225 
4609 1615 
4610 2396 
4611 621 
4612 898 
4613 1893 
4614 2030 
4615 1423 
4616 2064 
4617 2028 
4618 266 
4619 1490 
4620 154 
4621 240 
4622 414 
4623 1303 
4624 476 
4625 1576 
4626 344 
4627 230 
4628 324 
4629 1842 
4630 173 
4631 404 
4632 331 
4633 1123 
4634 1568 
4635 3683 
4636 803 
4637 1051 
4638 1861 
4639 564 
4640 148 
4641 724 
4642 556 
4643 695 
4644 1000 
4645 762 
4646 1071 
4647 423 
4648 1527 
4649 235 
4650 293 
4651 2180 
4652 691 
4653 83 
4654 925 
4655 495 
4656 449 
4657 225 
4658 1786 
4659 280 
4660 1538 
4661 984 
4662 241 
4663 1671 
4664 1354 
4665 1126 
4666 2547 
4667 2261 
4668 439 
4669 155 
4670 310 
4671 532 
4672 181 
4673 1896 
4674 137 
4675 222 
4676 257 
4677 383 
4678 557 
4679 236 
4680 1447 
4681 2216 
4682 862 
4683 1884 
4684 2582 
4685 789 
4686 91 
4687 703 
4688 635 
4689 610 
4690 609 
4691 708 
4692 324 
4693 2734 
4694 728 
4695 902 
4696 366 
4697 144 
4698 342 
4699 276 
4700 380 
4701 348 
4702 3105 
4703 179 
4704 481 
4705 119 
4706 750 
4707 207 
4708 2275 
4709 357 
4710 176 
4711 441 
4712 823 
4713 292 
4714 264 
4715 530 
4716 1279 
4717 1110 
4718 2505 
4719 109 
4720 447 
4721 726 
4722 173 
4723 386 
4724 1830 
4725 1342 
4726 999 
4727 1744 
4728 158 
4729 178 
4730 367 
4731 1613 
4732 250 
4733 111 
4734 612 
4735 766 
4736 175 
4737 1132 
4738 255 
4739 534 
4740 691 
4741 444 
4742 788 
4743 405 
4744 505 
4745 121 
4746 171 
4747 724 
4748 750 
4749 828 
4750 678 
4751 575 
4752 1821 
4753 817 
4754 1932 
4755 1095 
4756 632 
4757 3005 
4758 2859 
4759 1173 
4760 560 
4761 270 
4762 3052 
4763 85 
4764 1263 
4765 159 
4766 1502 
4767 1294 
4768 1044 
4769 885 
4770 1133 
4771 123 
4772 768 
4773 390 
4774 142 
4775 3096 
4776 646 
4777 967 
4778 1671 
4779 2375 
4780 172 
4781 425 
4782 132 
4783 1446 
4784 1950 
4785 449 
4786 432 
4787 647 
4788 406 
4789 630 
4790 358 
4791 1273 
4792 152 
4793 1560 
4794 163 
4795 166 
4796 808 
4797 3124 
4798 2464 
4799 1245 
4800 3596 
4801 346 
4802 741 
4803 132 
4804 3289 
4805 997 
4806 1108 
4807 1137 
4808 549 
4809 2616 
4810 1799 
4811 555 
4812 1118 
4813 1083 
4814 133 
4815 539 
4816 765 
4817 227 
4818 706 
4819 405 
4820 886 
4821 397 
4822 724 
4823 2441 
4824 2018 
4825 552 
4826 1235 
4827 749 
4828 248 
4829 102 
4830 628 
4831 136 
4832 84 
4833 446 
4834 415 
4835 208 
4836 1355 
4837 820 
4838 146 
4839 402 
4840 299 
4841 650 
4842 1334 
4843 127 
4844 711 
4845 339 
4846 260 
4847 285 
4848 1870 
4849 414 
4850 224 
4851 3282 
4852 3069 
4853 1015 
4854 446 
4855 994 
4856 2702 
4857 357 
4858 1309 
4859 175 
4860 358 
4861 303 
4862 1232 
4863 2135 
4864 980 
4865 202 
4866 1864 
4867 254 
4868 603 
4869 403 
4870 421 
4871 1015 
4872 146 
4873 834 
4874 883 
4875 124 
4876 518 
4877 500 
4878 1019 
4879 81 
4880 1352 
4881 267 
4882 800 
4883 434 
4884 463 
4885 847 
4886 538 
4887 91 
4888 1711 
4889 1575 
4890 568 
4891 1466 
4892 994 
4893 595 
4894 656 
4895 672 
4896 475 
4897 109 
4898 154 
4899 334 
4900 2323 
4901 3478 
4902 831 
4903 733 
4904 950 
4905 453 
4906 270 
4907 203 
4908 1456 
4909 725 
4910 1801 
4911 3418 
4912 1364 
4913 2566 
4914 741 
4915 465 
4916 828 
4917 114 
4918 2123 
4919 271 
4920 893 
4921 767 
4922 714 
4923 209 
4924 123 
4925 1130 
4926 673 
4927 462 
4928 98 
4929 490 
4930 1810 
4931 1155 
4932 124 
4933 241 
4934 1118 
4935 2152 
4936 635 
4937 446 
4938 98 
4939 939 
4940 1680 
4941 289 
4942 865 
4943 2887 
4944 146 
4945 1076 
4946 2192 
4947 1668 
4948 114 
4949 269 
4950 487 
4951 93 
4952 112 
4953 1589 
4954 1359 
4955 1620 
4956 587 
4957 109 
4958 291 
4959 369 
4960 233 
4961 484 
4962 1192 
4963 291 
4964 907 
4965 447 
4966 765 
4967 393 
4968 208 
4969 241 
4970 1015 
4971 1822 
4972 419 
4973 474 
4974 603 
4975 349 
4976 354 
4977 537 
4978 1258 
4979 646 
4980 600 
4981 1290 
4982 1077 
4983 574 
4984 1094 
4985 401 
4986 124 
4987 1521 
4988 1029 
4989 1262 
4990 1539 
4991 1679 
4992 1532 
4993 1229 
4994 695 
4995 261 
4996 1457 
4997 695 
4998 338 
4999 559 
5000 751 
5001 1249 
5002 408 
5003 118 
5004 518 
5005 1951 
5006 1951 
5007 1198 
5008 168 
5009 2284 
5010 946 
5011 564 
5012 105 
5013 189 
5014 623 
5015 895 
5016 1589 
5017 493 
5018 1887 
5019 341 
5020 282 
5021 170 
5022 2025 
5023 115 
5024 1118 
5025 575 
5026 987 
5027 622 
5028 516 
5029 554 
5030 680 
5031 128 
5032 1005 
5033 557 
5034 716 
5035 947 
5036 278 
5037 204 
5038 1764 
5039 735 
5040 793 
5041 139 
5042 2328 
5043 1688 
5044 619 
5045 2955 
5046 590 
5047 359 
5048 2217 
5049 654 
5050 253 
5051 2050 
5052 2256 
5053 3888 
5054 593 
5055 213 
5056 987 
5057 95 
5058 693 
5059 2039 
5060 299 
5061 939 
5062 86 
5063 178 
5064 385 
5065 835 
5066 1919 
5067 1420 
5068 2220 
5069 1407 
5070 1321 
5071 719 
5072 250 
5073 397 
5074 406 
5075 238 
5076 2936 
5077 3501 
5078 640 
5079 403 
5080 1680 
5081 768 
5082 1275 
5083 1120 
5084 930 
5085 129 
5086 530 
5087 253 
5088 723 
5089 568 
5090 305 
5091 3110 
5092 2716 
5093 126 
5094 1097 
5095 166 
5096 1885 
5097 1630 
5098 1939 
5099 191 
5100 520 
5101 1753 
5102 149 
5103 1089 
5104 1288 
5105 1269 
5106 553 
5107 123 
5108 406 
5109 622 
5110 311 
5111 2083 
5112 166 
5113 764 
5114 550 
5115 1987 
5116 1065 
5117 2114 
5118 773 
5119 182 
5120 558 
5121 586 
5122 459 
5123 763 
5124 474 
5125 261 
5126 443 
5127 932 
5128 179 
5129 360 
5130 3077 
5131 262 
5132 752 
5133 774 
5134 2183 
5135 1392 
5136 814 
5137 1254 
5138 94 
5139 86 
5140 303 
5141 425 
5142 1061 
5143 560 
5144 702 
5145 439 
5146 260 
5147 348 
5148 1337 
5149 1781 
5150 2453 
5151 242 
5152 1116 
5153 712 
5154 517 
5155 308 
5156 240 
5157 109 
5158 1123 
5159 179 
5160 275 
5161 1796 
5162 1140 
5163 237 
5164 98 
5165 280 
5166 1198 
5167 2415 
5168 502 
5169 539 
5170 1042 
5171 621 
5172 82 
5173 569 
5174 754 
5175 139 
5176 2852 
5177 802 
5178 182 
5179 478 
5180 2444 
5181 300 
5182 492 
5183 1707 
5184 2609 
5185 136 
5186 2537 
5187 185 
5188 400 
5189 217 
5190 2009 
5191 1517 
5192 689 
5193 149 
5194 2089 
5195 1318 
5196 1533 
5197 593 
5198 502 
5199 1111 
5200 219 
5201 814 
5202 3672 
5203 1032 
5204 1003 
5205 629 
5206 1136 
5207 898 
5208 578 
5209 2282 
5210 168 
5211 2190 
5212 1979 
5213 730 
5214 930 
5215 1283 
5216 1496 
5217 511 
5218 948 
5219 2962 
5220 973 
5221 1019 
5222 629 
5223 110 
5224 852 
5225 1616 
5226 1330 
5227 3382 
5228 721 
5229 897 
5230 576 
5231 104 
5232 391 
5233 203 
5234 153 
5235 374 
5236 324 
5237 170 
5238 739 
5239 541 
5240 1519 
5241 256 
5242 969 
5243 548 
5244 454 
5245 393 
5246 2446 
5247 1793 
5248 162 
5249 334 
5250 129 
5251 3378 
5252 1268 
5253 134 
5254 2694 
5255 97 
5256 444 
5257 721 
5258 1138 
5259 84 
5260 502 
5261 1074 
5262 2625 
5263 145 
5264 165 
5265 296 
5266 1616 
5267 734 
5268 234 
5269 469 
5270 2265 
5271 377 
5272 313 
5273 2439 
5274 1034 
5275 333 
5276 1945 
5277 1162 
5278 1549 
5279 633 
5280 1511 
5281 770 
5282 474 
5283 112 
5284 801 
5285 333 
5286 351 
5287 257 
5288 1012 
5289 743 
5290 1916 
5291 143 
5292 1043 
5293 204 
5294 217 
5295 948 
5296 144 
5297 1834 
5298 175 
5299 641 
5300 1594 
5301 696 
5302 493 
5303 2514 
5304 571 
5305 1055 
5306 413 
5307 3741 
5308 156 
5309 700 
5310 655 
5311 2459 
5312 532 
5313 1398 
5314 2236 
5315 705 
5316 1808 
5317 203 
5318 133 
5319 2287 
5320 558 
5321 81 
5322 1446 
5323 82 
5324 1819 
5325 374 
5326 1243 
5327 930 
5328 959 
5329 870 
5330 398 
5331 680 
5332 109 
5333 464 
5334 153 
5335 1514 
5336 235 
5337 638 
5338 125 
5339 3043 
5340 977 
5341 1163 
5342 571 
5343 1850 
5344 689 
5345 1157 
5346 595 
5347 399 
5348 3091 
5349 1491 
5350 737 
5351 2280 
5352 1470 
5353 1239 
5354 850 
5355 1349 
5356 167 
5357 1930 
5358 86 
5359 249 
5360 258 
5361 2869 
5362 332 
5363 294 
5364 325 
5365 2281 
5366 747 
5367 1012 
5368 1954 
5369 1121 
5370 1457 
5371 3116 
5372 917 
5373 211 
5374 162 
5375 464 
5376 3044 
5377 326 
5378 404 
5379 905 
5380 941 
5381 564 
5382 110 
5383 554 
5384 190 
5385 2415 
5386 664 
5387 705 
5388 1994 
5389 2278 
5390 200 
5391 346 
5392 345 
5393 165 
5394 560 
5395 403 
5396 1919 
5397 1240 
5398 2061 
5399 695 
5400 249 
5401 1698 
5402 914 
5403 835 
5404 1278 
5405 1454 
5406 917 
5407 1677 
5408 2166 
5409 1356 
5410 2080 
5411 975 
5412 1343 
5413 137 
5414 964 
5415 731 
5416 1767 
5417 1769 
5418 319 
5419 362 
5420 676 
5421 3228 
5422 513 
5423 807 
5424 358 
5425 2516 
5426 311 
5427 865 
5428 1407 
5429 491 
5430 81 
5431 1795 
5432 340 
5433 647 
5434 1580 
5435 330 
5436 278 
5437 3388 
5438 1927 
5439 277 
5440 1838 
5441 901 
5442 836 
5443 1046 
5444 576 
5445 596 
5446 400 
5447 2171 
5448 2472 
5449 535 
5450 727 
5451 309 
5452 116 
5453 261 
5454 1700 
5455 1553 
5456 1128 
5457 602 
5458 799 
5459 611 
5460 3540 
5461 625 
5462 90 
5463 406 
5464 1753 
5465 368 
5466 131 
5467 86 
5468 565 
5469 3319 
5470 832 
5471 1148 
5472 450 
5473 956 
5474 363 
5475 2240 
5476 183 
5477 241 
5478 881 
5479 215 
5480 271 
5481 256 
5482 1003 
5483 363 
5484 755 
5485 485 
5486 861 
5487 442 
5488 315 
5489 916 
5490 1917 
5491 287 
5492 539 
5493 1612 
5494 753 
5495 752 
5496 870 
5497 1441 
5498 228 
5499 411 
5500 1176 
5501 1610 
5502 480 
5503 864 
5504 1240 
5505 1716 
5506 888 
5507 175 
5508 718 
5509 3083 
5510 3771 
5511 692 
5512 482 
5513 2360 
5514 1025 
5515 204 
5516 1910 
5517 2864 
5518 529 
5519 1296 
5520 526 
5521 136 
5522 759 
5523 1299 
5524 659 
5525 1694 
5526 886 
5527 829 
5528 1259 
5529 86 
5530 940 
5531 1883 
5532 811 
5533 870 
5534 1826 
5535 173 
5536 2521 
5537 3205 
5538 890 
5539 256 
5540 693 
5541 893 
5542 2555 
5543 350 
5544 175 
5545 209 
5546 403 
5547 1526 
5548 509 
5549 717 
5550 519 
5551 639 
5552 327 
5553 1237 
5554 1164 
5555 1341 
5556 201 
5557 1032 
5558 228 
5559 1015 
5560 1085 
5561 181 
5562 593 
5563 204 
5564 1430 
5565 403 
5566 403 
5567 3553 
5568 603 
5569 135 
5570 452 
5571 221 
5572 342 
5573 701 
5574 428 
5575 501 
5576 720 
5577 1500 
5578 204 
5579 126 
5580 489 
5581 2432 
5582 3595 
5583 82 
5584 183 
5585 859 
5586 788 
5587 565 
5588 2263 
5589 1669 
5590 1160 
5591 1321 
5592 736 
5593 119 
5594 1510 
5595 1016 
5596 1220 
5597 967 
5598 2132 
5599 2091 
5600 620 
5601 676 
5602 766 
5603 825 
5604 1554 
5605 662 
5606 737 
5607 2870 
5608 90 
5609 942 
5610 1123 
5611 676 
5612 562 
5613 465 
5614 276 
5615 930 
5616 1152 
5617 257 
5618 1689 
5619 1854 
5620 1585 
5621 362 
5622 1517 
5623 850 
5624 283 
5625 661 
5626 182 
5627 890 
5628 131 
5629 722 
5630 1079 
5631 202 
5632 772 
5633 1011 
5634 1369 
5635 903 
5636 80 
5637 502 
5638 340 
5639 221 
5640 648 
5641 816 
5642 240 
5643 941 
5644 892 
5645 1048 
5646 123 
5647 1175 
5648 535 
5649 213 
5650 941 
5651 2303 
5652 2544 
5653 2313 
5654 1568 
5655 316 
5656 2652 
5657 503 
5658 574 
5659 657 
5660 2174 
5661 1325 
5662 191 
5663 897 
5664 543 
5665 775 
5666 1110 
5667 1749 
5668 773 
5669 964 
5670 659 
5671 411 
5672 2476 
5673 528 
5674 727 
5675 1787 
5676 907 
5677 554 
5678 875 
5679 1386 
5680 1410 
5681 385 
5682 595 
5683 968 
5684 2030 
5685 749 
5686 678 
5687 1451 
5688 124 
5689 2273 
5690 327 
5691 500 
5692 1008 
5693 2181 
5694 1913 
5695 1799 
5696 1398 
5697 322 
5698 1198 
5699 445 
5700 3621 
5701 89 
5702 93 
5703 917 
5704 258 
5705 842 
5706 1172 
5707 1715 
5708 2124 
5709 1108 
5710 1027 
5711 1157 
5712 450 
5713 707 
5714 2418 
5715 584 
5716 367 
5717 1115 
5718 663 
5719 1476 
5720 905 
5721 193 
5722 787 
5723 405 
5724 2122 
5725 1224 
5726 517 
5727 373 
5728 453 
5729 1702 
5730 1044 
5731 134 
5732 108 
5733 817 
5734 1415 
5735 286 
5736 1204 
5737 781 
5738 212 
5739 724 
5740 476 
5741 2953 
5742 1652 
5743 111 
5744 1131 
5745 590 
5746 1968 
5747 1541 
5748 515 
5749 1919 
5750 1473 
5751 2365 
5752 1247 
5753 267 
5754 997 
5755 1022 
5756 231 
5757 361 
5758 361 
5759 1793 
5760 1935 
5761 372 
5762 3220 
5763 481 
5764 306 
5765 389 
5766 196 
5767 91 
5768 1155 
5769 2604 
5770 162 
5771 453 
5772 1937 
5773 207 
5774 506 
5775 210 
5776 644 
5777 2494 
5778 812 
5779 1230 
5780 212 
5781 382 
5782 971 
5783 244 
5784 505 
5785 1545 
5786 106 
5787 705 
5788 793 
5789 248 
5790 550 
5791 1502 
5792 235 
5793 604 
5794 273 
5795 770 
5796 473 
5797 457 
5798 371 
5799 2910 
5800 1023 
5801 649 
5802 402 
5803 1650 
5804 901 
5805 727 
5806 278 
5807 97 
5808 858 
5809 740 
5810 309 
5811 602 
5812 1181 
5813 1881 
5814 320 
5815 507 
5816 124 
5817 843 
5818 3499 
5819 93 
5820 1540 
5821 546 
5822 599 
5823 1013 
5824 3149 
5825 2973 
5826 586 
5827 1202 
5828 1313 
5829 3064 
5830 1071 
5831 902 
5832 964 
5833 266 
5834 1544 
5835 254 
5836 256 
5837 94 
5838 2028 
5839 507 
5840 887 
5841 1228 
5842 3013 
5843 1286 
5844 834 
5845 1460 
5846 418 
5847 1149 
5848 835 
5849 764 
5850 1421 
5851 158 
5852 1486 
5853 1268 
5854 543 
5855 526 
5856 318 
5857 756 
5858 658 
5859 459 
5860 610 
5861 603 
5862 569 
5863 2797 
5864 1590 
5865 1644 
5866 625 
5867 684 
5868 305 
5869 349 
5870 3789 
5871 1272 
5872 656 
5873 288 
5874 2931 
5875 2750 
5876 1256 
5877 420 
5878 1585 
5879 119 
5880 1092 
5881 507 
5882 1624 
5883 230 
5884 907 
5885 870 
5886 2887 
5887 516 
5888 313 
5889 621 
5890 1224 
5891 375 
5892 268 
5893 1971 
5894 529 
5895 574 
5896 1166 
5897 85 
5898 3263 
5899 1238 
5900 593 
5901 2200 
5902 315 
5903 659 
5904 1025 
5905 556 
5906 2162 
5907 192 
5908 1358 
5909 754 
5910 289 
5911 115 
5912 765 
5913 486 
5914 1036 
5915 666 
5916 1631 
5917 103 
5918 556 
5919 1218 
5920 503 
5921 363 
5922 285 
5923 947 
5924 1543 
5925 203 
5926 672 
5927 323 
5928 201 
5929 345 
5930 793 
5931 621 
5932 610 
5933 843 
5934 349 
5935 345 
5936 1493 
5937 2237 
5938 2141 
5939 568 
5940 3666 
5941 1923 
5942 2520 
5943 94 
5944 1621 
5945 801 
5946 3268 
5947 346 
5948 451 
5949 1306 
5950 520 
5951 609 
5952 154 
5953 1092 
5954 467 
5955 1259 
5956 3070 
5957 516 
5958 683 
5959 440 
5960 1011 
5961 604 
5962 955 
5963 776 
5964 1265 
5965 1920 
5966 1130 
5967 512 
5968 993 
5969 1021 
5970 220 
5971 1456 
5972 712 
5973 1833 
5974 433 
5975 1518 
5976 2351 
5977 1944 
5978 1656 
5979 404 
5980 1118 
5981 96 
5982 1214 
5983 3054 
5984 1149 
5985 1602 
5986 1155 
5987 1057 
5988 460 
5989 313 
5990 1762 
5991 1078 
5992 366 
5993 727 
5994 894 
5995 219 
5996 172 
5997 388 
5998 305 
5999 634 
6000 976 
6001 886 
6002 1821 
6003 1048 
6004 582 
6005 1364 
6006 139 
6007 530 
6008 870 
6009 289 
6010 422 
6011 101 
6012 1601 
6013 2525 
6014 1550 
6015 725 
6016 1815 
6017 922 
6018 489 
6019 1234 
6020 204 
6021 338 
6022 594 
6023 145 
6024 332 
6025 1428 
6026 1734 
6027 514 
6028 1299 
6029 1212 
6030 988 
6031 1430 
6032 163 
6033 708 
6034 239 
6035 2080 
6036 316 
6037 1252 
6038 577 
6039 154 
6040 1081 
6041 656 
6042 635 
6043 251 
6044 468 
6045 1132 
6046 1704 
6047 537 
6048 85 
6049 1887 
6050 2036 
6051 2234 
6052 1038 
6053 1200 
6054 1545 
6055 303 
6056 3011 
6057 177 
6058 918 
6059 1542 
6060 1164 
6061 2289 
6062 596 
6063 172 
6064 153 
6065 179 
6066 486 
6067 448 
6068 1533 
6069 454 
6070 120 
6071 331 
6072 149 
6073 1407 
6074 232 
6075 1578 
6076 714 
6077 647 
6078 948 
6079 1606 
6080 324 
6081 330 
6082 289 
6083 1074 
6084 495 
6085 2125 
6086 638 
6087 2288 
6088 728 
6089 434 
6090 3173 
6091 1651 
6092 1206 
6093 663 
6094 341 
6095 326 
6096 358 
6097 406 
6098 154 
6099 2413 
6100 604 
6101 376 
6102 576 
6103 1080 
6104 376 
6105 349 
6106 318 
6107 418 
6108 2280 
6109 154 
6110 1061 
6111 95 
6112 972 
6113 1811 
6114 2565 
6115 732 
6116 822 
6117 163 
6118 93 
6119 1688 
6120 130 
6121 1230 
6122 2070 
6123 442 
6124 784 
6125 2833 
6126 983 
6127 2509 
6128 536 
6129 382 
6130 704 
6131 393 
6132 576 
6133 1586 
6134 239 
6135 2488 
6136 402 
6137 577 
6138 685 
6139 530 
6140 354 
6141 365 
6142 664 
6143 740 
6144 762 
6145 1151 
6146 492 
6147 600 
6148 404 
6149 609 
6150 596 
6151 2272 
6152 184 
6153 119 
6154 688 
6155 444 
6156 116 
6157 1199 
6158 802 
6159 318 
6160 81 
6161 571 
6162 3735 
6163 247 
6164 337 
6165 753 
6166 1188 
6167 1586 
6168 626 
6169 2497 
6170 820 
6171 1154 
6172 1457 
6173 149 
6174 1491 
6175 166 
6176 312 
6177 1152 
6178 1155 
6179 898 
6180 281 
6181 935 
6182 739 
6183 324 
6184 1080 
6185 3523 
6186 2984 
6187 942 
6188 95 
6189 549 
6190 131 
6191 245 
6192 379 
6193 152 
6194 153 
6195 2907 
6196 263 
6197 105 
6198 511 
6199 983 
6200 239 
6201 1914 
6202 1675 
6203 163 
6204 372 
6205 791 
6206 781 
6207 339 
6208 1453 
6209 1379 
6210 1469 
6211 669 
6212 340 
6213 325 
6214 355 
6215 685 
6216 772 
6217 1736 
6218 654 
6219 1134 
6220 1039 
6221 450 
6222 1276 
6223 2684 
6224 341 
6225 1642 
6226 1675 
6227 240 
6228 905 
6229 189 
6230 800 
6231 607 
6232 512 
6233 1514 
6234 286 
6235 134 
6236 2173 
6237 360 
6238 469 
6239 441 
6240 112 
6241 886 
6242 380 
6243 507 
6244 732 
6245 91 
6246 524 
6247 317 
6248 2391 
6249 384 
6250 1333 
6251 1233 
6252 789 
6253 239 
6254 187 
6255 2912 
6256 81 
6257 241 
6258 1193 
6259 206 
6260 1863 
6261 1119 
6262 709 
6263 2189 
6264 389 
6265 1881 
6266 391 
6267 2392 
6268 111 
6269 541 
6270 808 
6271 640 
6272 614 
6273 113 
6274 290 
6275 338 
6276 2366 
6277 1676 
6278 294 
6279 1026 
6280 444 
6281 3515 
6282 905 
6283 238 
6284 404 
6285 1882 
6286 2376 
6287 302 
6288 225 
6289 471 
6290 98 
6291 287 
6292 208 
6293 877 
6294 525 
6295 226 
6296 437 
6297 381 
6298 421 
6299 904 
6300 845 
6301 471 
6302 499 
6303 1571 
6304 442 
6305 1756 
6306 654 
6307 1341 
6308 354 
6309 285 
6310 532 
6311 738 
6312 800 
6313 579 
6314 86 
6315 148 
6316 803 
6317 592 
6318 2230 
6319 329 
6320 1850 
6321 542 
6322 918 
6323 3408 
6324 783 
6325 1038 
6326 151 
6327 820 
6328 339 
6329 1265 
6330 1512 
6331 1026 
6332 263 
6333 175 
6334 220 
6335 466 
6336 556 
6337 546 
6338 393 
6339 2569 
6340 1887 
6341 416 
6342 914 
6343 162 
6344 472 
6345 717 
6346 1680 
6347 1691 
6348 1540 
6349 1293 
6350 1369 
6351 1596 
6352 906 
6353 119 
6354 109 
6355 2850 
6356 545 
6357 201 
6358 441 
6359 1668 
6360 999 
6361 618 
6362 1465 
6363 652 
6364 353 
6365 171 
6366 685 
6367 684 
6368 620 
6369 215 
6370 282 
6371 1483 
6372 2230 
6373 933 
6374 206 
6375 408 
6376 513 
6377 160 
6378 897 
6379 1187 
6380 1156 
6381 2254 
6382 814 
6383 781 
6384 317 
6385 1047 
6386 560 
6387 3540 
6388 480 
6389 734 
6390 844 
6391 460 
6392 3004 
6393 425 
6394 337 
6395 346 
6396 1160 
6397 519 
6398 2888 
6399 718 
6400 394 
6401 2640 
6402 985 
6403 1070 
6404 1104 
6405 924 
6406 171 
6407 83 
6408 98 
6409 1364 
6410 2554 
6411 771 
6412 87 
6413 3799 
6414 636 
6415 137 
6416 635 
6417 1029 
6418 1557 
6419 293 
6420 598 
6421 438 
6422 611 
6423 233 
6424 1789 
6425 255 
6426 219 
6427 539 
6428 408 
6429 307 
6430 237 
6431 1083 
6432 2073 
6433 533 
6434 1751 
6435 698 
6436 411 
6437 1270 
6438 2322 
6439 189 
6440 167 
6441 456 
6442 3257 
6443 148 
6444 821 
6445 781 
6446 1212 
6447 704 
6448 1779 
6449 651 
6450 173 
6451 1922 
6452 150 
6453 204 
6454 584 
6455 694 
6456 271 
6457 153 
6458 990 
6459 1166 
6460 341 
6461 616 
6462 3124 
6463 663 
6464 1343 
6465 282 
6466 3222 
6467 182 
6468 2101 
6469 1054 
6470 94 
6471 689 
6472 502 
6473 591 
6474 1798 
6475 1426 
6476 571 
6477 2596 
6478 527 
6479 475 
6480 1211 
6481 1405 
6482 1110 
6483 90 
6484 1200 
6485 144 
6486 213 
6487 3102 
6488 116 
6489 389 
6490 318 
6491 700 
6492 534 
6493 84 
6494 463 
6495 992 
6496 172 
6497 680 
6498 614 
6499 562 
6500 93 
6501 1080 
6502 2004 
6503 612 
6504 1067 
6505 1929 
6506 239 
6507 719 
6508 1181 
6509 508 
6510 1944 
6511 318 
6512 426 
6513 3061 
6514 2503 
6515 592 
6516 2960 
6517 646 
6518 763 
6519 787 
6520 1342 
6521 1488 
6522 132 
6523 487 
6524 1143 
6525 382 
6526 1324 
6527 704 
6528 143 
6529 335 
6530 555 
6531 170 
6532 1261 
6533 472 
6534 96 
6535 150 
6536 683 
6537 264 
6538 3222 
6539 888 
6540 81 
6541 2463 
6542 1135 
6543 1291 
6544 266 
6545 441 
6546 2752 
6547 410 
6548 1000 
6549 1092 
6550 644 
6551 2203 
6552 542 
6553 238 
6554 1017 
6555 699 
6556 3367 
6557 1299 
6558 821 
6559 371 
6560 370 
6561 223 
6562 1549 
6563 639 
6564 209 
6565 534 
6566 1156 
6567 110 
6568 134 
6569 1168 
6570 130 
6571 693 
6572 153 
6573 2142 
6574 84 
6575 90 
6576 374 
6577 262 
6578 716 
6579 622 
6580 1029 
6581 142 
6582 1513 
6583 1302 
6584 179 
6585 1041 
6586 226 
6587 253 
6588 688 
6589 107 
6590 1193 
6591 3607 
6592 488 
6593 381 
6594 217 
6595 1180 
6596 3224 
6597 971 
6598 364 
6599 323 
6600 521 
6601 176 
6602 1020 
6603 210 
6604 529 
6605 109 
6606 1432 
6607 209 
6608 2092 
6609 826 
6610 374 
6611 149 
6612 260 
6613 607 
6614 422 
6615 526 
6616 2062 
6617 286 
6618 989 
6619 1097 
6620 782 
6621 109 
6622 935 
6623 644 
6624 343 
6625 902 
6626 1795 
6627 220 
6628 3557 
6629 105 
6630 379 
6631 112 
6632 456 
6633 407 
6634 219 
6635 607 
6636 1397 
6637 933 
6638 1329 
6639 249 
6640 1448 
6641 1299 
6642 1551 
6643 168 
6644 315 
6645 2150 
6646 1334 
6647 119 
6648 407 
6649 204 
6650 207 
6651 443 
6652 932 
6653 1893 
6654 466 
6655 727 
6656 1268 
6657 241 
6658 681 
6659 662 
6660 1568 
6661 922 
6662 1184 
6663 324 
6664 721 
6665 1489 
6666 1047 
6667 594 
6668 89 
6669 454 
6670 567 
6671 361 
6672 284 
6673 391 
6674 689 
6675 641 
6676 256 
6677 976 
6678 2371 
6679 90 
6680 2846 
6681 2442 
6682 1699 
6683 382 
6684 2166 
6685 1696 
6686 1068 
6687 2217 
6688 2334 
6689 114 
6690 1750 
6691 95 
6692 1016 
6693 302 
6694 328 
6695 230 
6696 937 
6697 397 
6698 484 
6699 2404 
6700 1171 
6701 781 
6702 2341 
6703 205 
6704 92 
6705 2021 
6706 2518 
6707 1219 
6708 3807 
6709 913 
6710 2235 
6711 225 
6712 753 
6713 361 
6714 3105 
6715 509 
6716 1022 
6717 598 
6718 578 
6719 1042 
6720 263 
6721 1673 
6722 467 
6723 2228 
6724 764 
6725 814 
6726 1738 
6727 930 
6728 255 
6729 723 
6730 1115 
6731 1011 
6732 342 
6733 1743 
6734 331 
6735 657 
6736 414 
6737 227 
6738 849 
6739 456 
6740 1094 
6741 1572 
6742 349 
6743 148 
6744 643 
6745 1109 
6746 588 
6747 745 
6748 819 
6749 288 
6750 341 
6751 1471 
6752 857 
6753 1241 
6754 825 
6755 3784 
6756 155 
6757 1488 
6758 191 
6759 3738 
6760 1335 
6761 535 
6762 2351 
6763 1441 
6764 1623 
6765 2573 
6766 344 
6767 1659 
6768 502 
6769 2053 
6770 367 
6771 551 
6772 295 
6773 1029 
6774 1865 
6775 1918 
6776 672 
6777 159 
6778 838 
6779 504 
6780 210 
6781 920 
6782 96 
6783 1749 
6784 452 
6785 1858 
6786 843 
6787 305 
6788 504 
6789 2582 
6790 1451 
6791 1255 
6792 361 
6793 367 
6794 585 
6795 1630 
6796 475 
6797 1112 
6798 1589 
6799 1745 
6800 2285 
6801 1402 
6802 805 
6803 82 
6804 130 
6805 194 
6806 1734 
6807 1462 
6808 3142 
6809 478 
6810 479 
6811 80 
6812 81 
6813 241 
6814 896 
6815 245 
6816 1096 
6817 772 
6818 957 
6819 1607 
6820 392 
6821 1106 
6822 84 
6823 1747 
6824 2395 
6825 963 
6826 1694 
6827 770 
6828 84 
6829 1659 
6830 549 
6831 1649 
6832 814 
6833 522 
6834 140 
6835 1525 
6836 248 
6837 1458 
6838 411 
6839 488 
6840 2710 
6841 115 
6842 86 
6843 231 
6844 329 
6845 1460 
6846 614 
6847 482 
6848 340 
6849 2379 
6850 2034 
6851 109 
6852 828 
6853 1147 
6854 219 
6855 1223 
6856 284 
6857 1518 
6858 2017 
6859 1123 
6860 281 
6861 149 
6862 872 
6863 98 
6864 573 
6865 3160 
6866 696 
6867 346 
6868 725 
6869 477 
6870 961 
6871 367 
6872 460 
6873 1196 
6874 342 
6875 129 
6876 2612 
6877 2131 
6878 157 
6879 1231 
6880 850 
6881 378 
6882 158 
6883 333 
6884 3375 
6885 1074 
6886 1477 
6887 1025 
6888 412 
6889 960 
6890 965 
6891 540 
6892 142 
6893 543 
6894 1572 
6895 186 
6896 237 
6897 1142 
6898 651 
6899 983 
6900 2026 
6901 160 
6902 1785 
6903 1281 
6904 1227 
6905 1025 
6906 2357 
6907 171 
6908 1411 
6909 383 
6910 772 
6911 299 
6912 668 
6913 113 
6914 1441 
6915 1179 
6916 1250 
6917 522 
6918 938 
6919 1687 
6920 1152 
6921 2555 
6922 780 
6923 283 
6924 314 
6925 677 
6926 404 
6927 609 
6928 1351 
6929 527 
6930 512 
6931 1007 
6932 822 
6933 1075 
6934 1222 
6935 1336 
6936 159 
6937 797 
6938 1361 
6939 214 
6940 195 
6941 352 
6942 253 
6943 3046 
6944 319 
6945 1035 
6946 1303 
6947 682 
6948 1460 
6949 1457 
6950 1733 
6951 455 
6952 2459 
6953 793 
6954 346 
6955 1099 
6956 258 
6957 326 
6958 1703 
6959 187 
6960 1673 
6961 500 
6962 1082 
6963 578 
6964 3883 
6965 996 
6966 607 
6967 86 
6968 1021 
6969 1011 
6970 664 
6971 925 
6972 263 
6973 218 
6974 2088 
6975 226 
6976 775 
6977 499 
6978 828 
6979 263 
6980 1936 
6981 1079 
6982 516 
6983 240 
6984 2581 
6985 361 
6986 617 
6987 840 
6988 639 
6989 1008 
6990 1117 
6991 3002 
6992 625 
6993 100 
6994 1357 
6995 2784 
6996 172 
6997 1506 
6998 320 
6999 665 
7000 609 
7001 831 
7002 380 
7003 631 
7004 587 
7005 1239 
7006 986 
7007 458 
7008 1602 
7009 565 
7010 422 
7011 2401 
7012 345 
7013 832 
7014 316 
7015 742 
7016 1579 
7017 1457 
7018 351 
7019 598 
7020 1238 
7021 441 
7022 1281 
7023 269 
7024 2403 
7025 810 
7026 662 
7027 635 
7028 1277 
7029 1448 
7030 980 
7031 1178 
7032 1923 
7033 2536 
7034 2623 
7035 639 
7036 899 
7037 2349 
7038 725 
7039 415 
7040 138 
7041 1550 
7042 658 
7043 1038 
7044 1566 
7045 814 
7046 1265 
7047 231 
7048 1718 
7049 1357 
7050 647 
7051 958 
7052 531 
7053 666 
7054 270 
7055 504 
7056 112 
7057 144 
7058 564 
7059 375 
7060 1468 
7061 1144 
7062 2303 
7063 556 
7064 1054 
7065 1868 
7066 1708 
7067 210 
7068 636 
7069 1174 
7070 2023 
7071 113 
7072 1353 
7073 913 
7074 283 
7075 1575 
7076 107 
7077 671 
7078 554 
7079 1154 
7080 1338 
7081 726 
7082 363 
7083 2475 
7084 331 
7085 88 
7086 759 
7087 426 
7088 388 
7089 894 
7090 558 
7091 622 
7092 1241 
7093 381 
7094 440 
7095 771 
7096 553 
7097 2709 
7098 122 
7099 1186 
7100 153 
7101 1369 
7102 354 
7103 501 
7104 598 
7105 120 
7106 1547 
7107 105 
7108 1131 
7109 293 
7110 1094 
7111 1917 
7112 88 
7113 354 
7114 513 
7115 1488 
7116 726 
7117 347 
7118 1516 
7119 2752 
7120 183 
7121 1664 
7122 1186 
7123 800 
7124 146 
7125 1396 
7126 1537 
7127 174 
7128 3138 
7129 1312 
7130 409 
7131 1405 
7132 1257 
7133 711 
7134 125 
7135 1900 
7136 1471 
7137 291 
7138 1152 
7139 276 
7140 800 
7141 670 
7142 1272 
7143 1893 
7144 160 
7145 380 
7146 173 
7147 95 
