1 486 
2 486 
3 486 
4 486 
5 486 
6 485 
7 486 
8 485 
9 485 
10 486 
11 485 
12 486 
13 486 
14 486 
15 486 
16 486 
17 485 
18 486 
19 486 
20 485 
21 485 
22 486 
23 486 
24 485 
25 486 
26 485 
27 485 
28 486 
29 486 
30 485 
31 486 
32 485 
33 486 
34 486 
35 486 
36 485 
37 486 
38 485 
39 486 
40 485 
41 485 
42 485 
43 485 
44 486 
45 486 
46 485 
47 485 
48 485 
49 485 
50 485 
51 485 
52 486 
53 485 
54 485 
55 486 
56 486 
57 485 
58 486 
59 486 
60 486 
61 485 
62 485 
63 485 
64 485 
65 485 
66 486 
67 486 
68 485 
69 485 
70 485 
71 486 
72 486 
73 486 
74 485 
75 486 
76 486 
77 486 
78 486 
79 486 
80 486 
81 485 
82 486 
83 485 
84 485 
85 486 
86 485 
87 485 
88 485 
89 485 
90 485 
91 485 
92 486 
93 486 
94 486 
95 485 
96 486 
97 485 
98 485 
99 486 
100 485 
101 485 
102 485 
103 486 
104 486 
105 485 
106 485 
107 486 
108 486 
109 485 
110 486 
111 485 
112 486 
113 486 
114 486 
115 486 
116 486 
117 486 
118 485 
119 485 
120 486 
121 485 
122 486 
123 486 
124 486 
125 485 
126 485 
127 486 
128 486 
129 486 
130 486 
131 486 
132 486 
133 486 
134 485 
135 486 
136 486 
137 485 
138 485 
139 486 
140 486 
141 486 
142 486 
143 485 
144 485 
145 486 
146 486 
147 486 
148 486 
149 486 
150 486 
151 486 
152 486 
153 485 
154 486 
155 486 
156 485 
157 485 
158 485 
159 486 
160 486 
161 486 
162 486 
163 486 
164 486 
165 486 
166 486 
167 485 
168 486 
169 486 
170 486 
171 486 
172 486 
173 487 
174 485 
175 486 
176 486 
177 486 
178 486 
179 485 
180 486 
181 486 
182 485 
183 486 
184 486 
185 486 
186 486 
187 486 
188 486 
189 485 
190 486 
191 486 
192 486 
193 486 
194 486 
195 486 
196 485 
197 485 
198 486 
199 486 
200 486 
201 486 
202 486 
203 486 
204 486 
205 486 
206 485 
207 486 
208 486 
209 486 
210 486 
211 486 
212 486 
213 486 
214 486 
215 486 
216 485 
217 486 
218 486 
219 486 
220 486 
221 485 
222 486 
223 486 
224 486 
225 486 
226 485 
227 486 
228 486 
229 486 
230 486 
231 486 
232 486 
233 486 
234 486 
235 485 
236 486 
237 486 
238 485 
239 485 
240 485 
241 486 
242 486 
243 486 
244 485 
245 485 
246 486 
247 486 
248 486 
249 486 
250 486 
251 486 
252 486 
253 485 
254 486 
255 486 
256 486 
257 486 
258 486 
259 486 
260 485 
261 486 
262 485 
263 486 
264 486 
265 486 
266 486 
267 486 
268 486 
269 486 
270 486 
271 485 
272 486 
273 486 
274 486 
275 486 
276 486 
277 485 
278 486 
279 485 
280 486 
281 485 
282 485 
283 485 
284 485 
285 486 
286 485 
287 486 
288 486 
289 486 
290 486 
291 486 
292 486 
293 486 
294 486 
295 486 
296 486 
297 486 
298 485 
299 486 
300 485 
301 486 
302 485 
303 486 
304 486 
305 486 
306 486 
307 486 
308 485 
309 486 
310 486 
311 486 
312 486 
313 486 
314 485 
315 486 
316 485 
317 486 
318 485 
319 486 
320 486 
321 486 
322 485 
323 486 
324 486 
325 486 
326 486 
327 486 
328 486 
329 486 
330 486 
331 486 
332 486 
333 485 
334 486 
335 486 
336 486 
337 486 
338 486 
339 486 
340 486 
341 486 
342 485 
343 486 
344 486 
345 486 
346 486 
347 486 
348 486 
349 486 
350 486 
351 486 
352 486 
353 486 
354 486 
355 486 
356 486 
357 486 
358 486 
359 486 
360 485 
361 486 
362 486 
363 486 
364 486 
365 485 
366 485 
367 486 
368 486 
369 486 
370 486 
371 486 
372 485 
373 486 
374 485 
375 486 
376 486 
377 486 
378 486 
379 485 
380 485 
381 485 
382 486 
383 486 
384 486 
385 486 
386 485 
387 485 
388 486 
389 485 
390 486 
391 486 
392 485 
393 486 
394 486 
395 486 
396 486 
397 486 
398 486 
399 486 
400 486 
401 486 
402 486 
403 486 
404 486 
405 485 
406 486 
407 486 
408 486 
409 486 
410 485 
411 486 
412 486 
413 486 
414 486 
415 486 
416 485 
417 486 
418 485 
419 486 
420 486 
421 485 
422 486 
423 486 
424 485 
425 486 
426 486 
427 486 
428 486 
429 486 
430 485 
431 486 
432 486 
433 486 
434 486 
435 486 
436 486 
437 485 
438 486 
439 486 
440 486 
441 486 
442 486 
443 486 
444 486 
445 485 
446 486 
447 485 
448 486 
449 485 
450 486 
451 486 
452 486 
453 486 
454 486 
455 486 
456 486 
457 485 
458 485 
459 486 
460 485 
461 486 
462 486 
463 485 
464 486 
465 486 
466 485 
467 486 
468 485 
469 485 
470 486 
471 486 
472 486 
473 486 
474 486 
475 485 
476 485 
477 486 
478 486 
479 486 
480 486 
481 486 
482 486 
483 486 
484 485 
485 486 
486 486 
487 485 
488 486 
489 486 
490 486 
491 486 
492 485 
493 486 
494 486 
495 486 
496 486 
497 485 
498 486 
499 486 
500 486 
501 485 
502 485 
503 485 
504 485 
505 486 
506 486 
507 485 
508 486 
509 486 
510 486 
511 486 
512 485 
513 485 
514 486 
515 486 
516 486 
517 485 
518 485 
519 486 
520 486 
521 485 
522 486 
523 485 
524 486 
525 485 
526 486 
527 486 
528 485 
529 485 
530 486 
531 486 
532 486 
533 486 
534 486 
535 486 
536 486 
537 486 
538 485 
539 486 
540 486 
541 486 
542 485 
543 486 
544 485 
545 485 
546 486 
547 485 
548 486 
549 486 
550 485 
551 485 
552 486 
553 486 
554 486 
555 486 
556 485 
557 485 
558 485 
559 485 
560 486 
