1 973 
2 974 
3 974 
4 973 
5 974 
6 974 
7 974 
8 974 
9 973 
10 974 
11 974 
12 973 
13 974 
14 974 
15 974 
16 974 
17 973 
18 974 
19 973 
20 974 
21 974 
22 973 
23 974 
24 974 
25 974 
26 974 
27 973 
28 974 
29 974 
30 974 
31 974 
32 974 
33 973 
34 974 
35 974 
36 974 
37 974 
38 974 
39 974 
40 974 
41 974 
42 974 
43 974 
44 974 
45 974 
46 974 
47 973 
48 974 
49 974 
50 973 
51 974 
52 974 
53 973 
54 973 
55 973 
56 974 
57 974 
58 974 
59 974 
60 973 
61 974 
62 973 
63 973 
64 973 
65 974 
66 974 
67 973 
68 974 
69 973 
70 974 
71 974 
72 974 
73 974 
74 974 
75 974 
76 974 
77 973 
78 973 
79 974 
80 973 
81 974 
82 974 
83 973 
84 974 
85 973 
86 974 
87 974 
88 973 
89 974 
90 974 
91 974 
92 973 
93 974 
94 973 
95 974 
96 973 
97 973 
98 973 
99 974 
100 974 
101 973 
102 974 
103 974 
104 974 
105 974 
106 974 
107 973 
108 974 
109 973 
110 974 
111 973 
112 973 
113 974 
114 974 
115 974 
116 974 
117 974 
118 974 
119 973 
120 974 
121 974 
122 973 
123 974 
124 974 
125 973 
126 974 
127 974 
128 974 
129 974 
130 973 
131 973 
132 974 
133 974 
134 974 
135 973 
136 973 
137 974 
138 974 
139 973 
140 974 
141 973 
142 973 
143 973 
144 974 
145 974 
146 974 
147 974 
148 973 
149 974 
150 974 
151 973 
152 973 
153 974 
154 974 
155 973 
156 973 
157 974 
158 974 
159 974 
160 974 
161 974 
162 974 
163 973 
164 974 
165 974 
166 974 
167 973 
168 974 
169 973 
170 973 
171 973 
172 973 
173 974 
174 973 
175 974 
176 973 
177 973 
178 974 
179 974 
180 974 
181 974 
182 973 
183 973 
184 974 
185 974 
186 974 
187 973 
188 973 
189 973 
190 974 
191 974 
192 973 
193 974 
194 974 
195 974 
196 973 
197 973 
198 974 
199 973 
200 974 
201 973 
202 974 
203 973 
204 974 
205 974 
206 973 
207 973 
208 973 
209 973 
210 974 
211 973 
212 973 
213 974 
214 973 
215 974 
216 974 
217 974 
218 974 
219 973 
220 973 
221 974 
222 974 
223 974 
224 974 
225 974 
226 974 
227 973 
228 974 
229 974 
230 973 
231 974 
232 974 
233 974 
234 974 
235 974 
236 973 
237 974 
238 974 
239 974 
240 973 
241 973 
242 974 
243 973 
244 974 
245 973 
246 973 
247 973 
248 974 
249 973 
250 974 
251 973 
252 974 
253 973 
254 974 
255 973 
256 973 
257 973 
258 974 
259 973 
260 974 
261 974 
262 973 
263 973 
264 974 
265 974 
266 974 
267 974 
268 974 
269 973 
270 973 
271 974 
272 974 
273 974 
274 973 
275 974 
276 974 
277 973 
278 974 
279 974 
280 974 
281 974 
282 974 
283 973 
284 974 
285 974 
286 974 
287 974 
288 974 
289 973 
290 974 
291 974 
292 974 
293 973 
294 974 
295 974 
296 973 
297 973 
298 973 
299 974 
300 974 
301 973 
302 974 
303 974 
304 974 
305 974 
306 973 
307 974 
308 974 
309 973 
310 974 
311 973 
312 974 
313 974 
314 974 
315 974 
316 974 
317 974 
318 974 
319 974 
320 974 
321 974 
322 974 
323 974 
324 974 
325 973 
326 974 
327 974 
328 974 
329 974 
330 973 
331 974 
332 973 
333 974 
334 974 
335 974 
336 973 
337 973 
338 973 
339 973 
340 973 
341 974 
342 974 
343 974 
344 974 
345 974 
346 973 
347 974 
348 974 
349 974 
350 974 
351 974 
352 974 
353 973 
354 974 
355 974 
356 973 
357 974 
358 974 
359 974 
360 974 
361 973 
362 974 
363 974 
364 974 
365 974 
366 973 
367 974 
368 974 
369 973 
370 974 
371 974 
372 974 
373 973 
374 973 
375 973 
376 974 
377 973 
378 973 
379 974 
380 974 
381 974 
382 974 
383 973 
384 974 
385 973 
386 974 
387 974 
388 973 
389 974 
390 974 
391 974 
392 974 
393 973 
394 974 
395 973 
396 973 
397 974 
398 974 
399 974 
400 973 
401 973 
402 973 
403 973 
404 974 
405 974 
406 973 
407 974 
408 974 
409 973 
410 973 
411 973 
412 974 
413 974 
414 974 
415 973 
416 974 
417 973 
418 974 
419 973 
420 974 
421 974 
422 973 
423 973 
424 974 
425 973 
426 973 
427 974 
428 974 
429 974 
430 974 
431 974 
432 973 
433 973 
434 974 
435 974 
436 974 
437 974 
438 974 
439 974 
440 973 
441 973 
442 974 
443 974 
444 974 
445 973 
446 974 
447 974 
448 974 
449 974 
450 974 
451 974 
452 974 
453 974 
454 973 
455 974 
456 974 
457 974 
458 974 
459 974 
460 973 
461 973 
462 974 
463 974 
464 973 
465 974 
466 974 
467 974 
468 974 
469 974 
470 973 
471 974 
472 973 
473 974 
474 973 
475 973 
476 974 
477 974 
478 974 
479 974 
480 973 
481 973 
482 973 
483 974 
484 974 
485 973 
486 973 
487 973 
488 973 
489 974 
490 973 
491 974 
492 974 
493 973 
494 973 
495 974 
496 973 
497 973 
498 973 
499 974 
500 973 
501 974 
502 974 
503 973 
504 974 
505 974 
506 974 
507 974 
508 974 
509 973 
510 974 
511 973 
512 974 
513 974 
514 974 
515 973 
516 973 
517 974 
518 974 
519 974 
520 974 
521 974 
522 974 
523 973 
524 974 
525 974 
526 974 
527 974 
528 974 
529 974 
530 973 
531 974 
532 973 
533 974 
534 974 
535 973 
536 974 
537 974 
538 973 
539 974 
540 974 
541 974 
542 973 
543 973 
544 974 
545 974 
546 973 
547 973 
548 973 
549 974 
550 974 
551 974 
552 974 
553 973 
554 974 
555 974 
556 974 
557 974 
558 974 
559 973 
560 974 
561 973 
562 973 
563 974 
564 974 
565 973 
566 973 
567 973 
568 973 
569 974 
570 974 
571 974 
572 974 
573 974 
574 973 
575 974 
576 973 
577 973 
578 973 
579 973 
580 974 
581 974 
582 974 
583 974 
