1 1683 
2 1683 
3 1683 
4 1683 
5 1683 
6 1683 
7 1683 
8 1683 
9 1683 
10 1683 
11 1683 
12 1683 
13 1683 
14 1683 
15 1683 
16 1684 
17 1683 
18 1683 
19 1683 
20 1684 
21 1683 
22 1683 
23 1683 
24 1683 
25 1683 
26 1683 
27 1684 
28 1683 
29 1683 
30 1683 
31 1683 
32 1684 
33 1683 
34 1683 
35 1683 
36 1683 
37 1683 
38 1683 
39 1683 
40 1683 
41 1683 
42 1684 
43 1683 
44 1683 
45 1683 
46 1683 
47 1684 
48 1683 
49 1683 
50 1683 
51 1683 
52 1683 
53 1683 
54 1683 
55 1683 
56 1684 
57 1683 
58 1683 
59 1683 
60 1683 
61 1683 
62 1683 
63 1683 
64 1683 
65 1683 
66 1683 
67 1683 
68 1683 
69 1683 
70 1683 
71 1683 
72 1683 
73 1683 
74 1683 
75 1683 
76 1683 
77 1683 
78 1683 
79 1683 
80 1683 
81 1683 
82 1683 
83 1683 
84 1683 
85 1683 
86 1683 
87 1683 
88 1683 
89 1683 
90 1683 
91 1683 
92 1683 
93 1683 
94 1683 
95 1683 
96 1683 
97 1683 
98 1683 
99 1683 
100 1683 
101 1684 
102 1683 
103 1683 
104 1683 
105 1683 
106 1684 
107 1683 
108 1683 
109 1683 
110 1683 
111 1683 
112 1684 
113 1683 
114 1684 
115 1683 
116 1683 
117 1683 
118 1683 
119 1683 
120 1683 
121 1683 
122 1683 
123 1683 
124 1684 
125 1683 
126 1683 
127 1683 
128 1683 
129 1683 
130 1683 
131 1683 
132 1683 
133 1683 
134 1683 
135 1683 
136 1683 
137 1683 
138 1683 
139 1683 
140 1683 
141 1683 
142 1683 
143 1683 
144 1683 
145 1683 
146 1683 
147 1683 
148 1683 
149 1683 
150 1683 
151 1683 
152 1683 
153 1683 
154 1683 
155 1683 
156 1683 
157 1683 
158 1683 
159 1683 
160 1683 
161 1683 
162 1683 
163 1683 
164 1683 
165 1683 
166 1683 
167 1683 
168 1683 
169 1684 
170 1683 
171 1683 
172 1683 
173 1683 
174 1683 
175 1684 
176 1684 
177 1684 
178 1683 
179 1683 
180 1683 
181 1683 
182 1683 
183 1683 
184 1683 
185 1683 
186 1683 
187 1684 
188 1683 
189 1683 
190 1683 
191 1684 
192 1683 
193 1683 
194 1683 
195 1683 
196 1683 
197 1683 
198 1683 
199 1683 
200 1683 
201 1684 
202 1684 
203 1683 
204 1683 
205 1684 
206 1684 
207 1683 
208 1683 
209 1683 
210 1683 
211 1683 
212 1683 
213 1683 
214 1683 
215 1683 
216 1683 
217 1683 
218 1684 
219 1683 
220 1683 
221 1683 
222 1683 
223 1683 
224 1683 
225 1683 
226 1683 
227 1683 
228 1683 
229 1683 
230 1683 
231 1683 
232 1683 
233 1683 
234 1683 
235 1683 
236 1683 
237 1683 
238 1683 
239 1683 
240 1683 
241 1683 
242 1683 
243 1683 
244 1684 
245 1683 
246 1683 
247 1683 
248 1683 
249 1683 
250 1683 
251 1683 
252 1683 
253 1683 
254 1683 
255 1683 
256 1683 
257 1683 
258 1683 
259 1683 
260 1683 
261 1683 
262 1683 
263 1683 
264 1683 
265 1683 
266 1683 
267 1683 
268 1683 
269 1683 
270 1683 
271 1683 
272 1683 
273 1683 
274 1683 
275 1683 
276 1684 
277 1683 
278 1683 
279 1683 
280 1683 
281 1684 
282 1683 
283 1683 
284 1683 
285 1684 
286 1683 
287 1683 
288 1683 
289 1683 
290 1683 
291 1683 
292 1683 
293 1683 
294 1683 
295 1683 
296 1683 
297 1683 
298 1683 
299 1683 
300 1683 
301 1683 
302 1683 
303 1683 
304 1683 
305 1683 
306 1684 
307 1683 
308 1683 
309 1683 
310 1683 
311 1683 
312 1683 
313 1683 
314 1683 
315 1683 
316 1683 
317 1683 
318 1683 
319 1684 
320 1683 
321 1684 
322 1683 
323 1684 
324 1683 
325 1683 
326 1683 
327 1683 
328 1683 
329 1683 
330 1683 
331 1683 
332 1683 
333 1683 
334 1683 
335 1683 
336 1683 
337 1683 
338 1683 
339 1683 
340 1683 
341 1683 
342 1683 
343 1683 
344 1683 
345 1683 
346 1683 
347 1683 
348 1683 
349 1683 
350 1683 
351 1683 
352 1683 
353 1683 
354 1683 
355 1683 
356 1683 
357 1683 
358 1683 
359 1683 
360 1683 
361 1683 
362 1683 
363 1683 
364 1683 
365 1683 
366 1683 
367 1683 
368 1683 
369 1683 
370 1683 
371 1683 
372 1683 
373 1683 
374 1683 
375 1683 
376 1683 
377 1683 
378 1683 
379 1683 
380 1682 
381 1683 
382 1683 
383 1683 
384 1683 
385 1683 
386 1683 
387 1683 
388 1683 
389 1683 
390 1683 
391 1683 
392 1683 
393 1683 
394 1683 
395 1683 
396 1683 
397 1683 
398 1683 
399 1683 
400 1683 
401 1683 
402 1683 
403 1683 
404 1683 
405 1683 
406 1683 
407 1683 
408 1683 
409 1683 
410 1683 
411 1683 
412 1683 
413 1683 
414 1683 
415 1683 
416 1683 
417 1683 
418 1683 
419 1684 
420 1683 
421 1683 
422 1683 
423 1683 
424 1683 
425 1683 
426 1683 
427 1683 
428 1683 
429 1683 
430 1683 
431 1683 
432 1683 
433 1683 
434 1683 
435 1683 
436 1683 
437 1683 
438 1683 
439 1683 
440 1683 
441 1683 
442 1683 
443 1683 
444 1683 
445 1683 
446 1683 
447 1683 
448 1683 
449 1683 
450 1683 
451 1683 
452 1683 
453 1683 
454 1683 
455 1683 
456 1683 
457 1683 
458 1683 
459 1684 
460 1683 
461 1683 
462 1683 
463 1683 
464 1683 
465 1683 
466 1683 
467 1683 
468 1683 
469 1683 
470 1683 
471 1683 
472 1683 
473 1683 
474 1683 
475 1683 
476 1683 
477 1683 
478 1683 
479 1683 
480 1684 
481 1683 
482 1683 
483 1684 
484 1683 
485 1683 
486 1684 
487 1683 
488 1683 
489 1683 
490 1683 
491 1683 
492 1683 
493 1683 
494 1683 
495 1683 
496 1683 
497 1683 
498 1683 
499 1683 
500 1683 
501 1683 
502 1683 
503 1683 
504 1683 
505 1683 
506 1683 
507 1683 
508 1683 
509 1683 
510 1683 
511 1683 
512 1683 
513 1683 
514 1683 
515 1683 
516 1683 
517 1683 
518 1683 
519 1683 
520 1684 
521 1683 
522 1683 
523 1683 
524 1684 
525 1683 
526 1683 
527 1683 
528 1683 
529 1683 
530 1683 
531 1683 
532 1683 
533 1683 
534 1683 
535 1683 
536 1683 
537 1683 
538 1683 
539 1683 
540 1683 
541 1683 
542 1683 
543 1683 
544 1683 
545 1683 
546 1683 
547 1683 
548 1683 
549 1683 
550 1683 
551 1683 
552 1683 
553 1683 
554 1683 
555 1683 
556 1683 
557 1683 
558 1683 
559 1683 
560 1684 
561 1683 
562 1683 
563 1683 
564 1683 
565 1683 
566 1683 
567 1684 
568 1683 
569 1683 
570 1683 
571 1683 
572 1683 
573 1683 
574 1683 
575 1684 
576 1683 
577 1683 
578 1683 
579 1683 
580 1683 
581 1683 
582 1683 
583 1683 
584 1683 
585 1683 
586 1683 
587 1683 
588 1683 
589 1683 
590 1683 
591 1683 
592 1683 
593 1683 
594 1683 
595 1683 
596 1683 
597 1683 
598 1683 
