1 1807 
2 1807 
3 1807 
4 1807 
5 1807 
6 1807 
7 1807 
8 1807 
9 1807 
10 1807 
11 1807 
12 1807 
13 1807 
14 1807 
15 1807 
16 1807 
17 1807 
18 1807 
19 1807 
20 1807 
21 1807 
22 1807 
23 1807 
24 1807 
25 1807 
26 1807 
27 1807 
28 1807 
29 1807 
30 1807 
31 1807 
32 1807 
33 1807 
34 1808 
35 1807 
36 1807 
37 1807 
38 1807 
39 1807 
40 1807 
41 1807 
42 1807 
43 1807 
44 1807 
45 1807 
46 1807 
47 1807 
48 1807 
49 1807 
50 1807 
51 1807 
52 1807 
53 1807 
54 1807 
55 1807 
56 1807 
57 1807 
58 1807 
59 1807 
60 1807 
61 1807 
62 1807 
63 1807 
64 1807 
65 1807 
66 1807 
67 1807 
68 1807 
69 1807 
70 1807 
71 1807 
72 1807 
73 1807 
74 1807 
75 1807 
76 1807 
77 1807 
78 1807 
79 1807 
80 1807 
81 1807 
82 1807 
83 1807 
84 1807 
85 1807 
86 1807 
87 1807 
88 1807 
89 1807 
90 1806 
91 1807 
92 1807 
93 1807 
94 1807 
95 1807 
96 1807 
97 1808 
98 1807 
99 1807 
100 1807 
101 1807 
102 1807 
103 1807 
104 1808 
105 1807 
106 1807 
107 1807 
108 1807 
109 1807 
110 1807 
111 1807 
112 1807 
113 1807 
114 1807 
115 1807 
116 1807 
117 1807 
118 1807 
119 1807 
120 1807 
121 1807 
122 1807 
123 1807 
124 1807 
125 1807 
126 1807 
127 1807 
128 1807 
129 1807 
130 1807 
131 1807 
132 1807 
133 1807 
134 1807 
135 1807 
136 1807 
137 1807 
138 1807 
139 1807 
140 1807 
141 1807 
142 1807 
143 1807 
144 1807 
145 1808 
146 1807 
147 1807 
148 1807 
149 1807 
150 1807 
151 1806 
152 1807 
153 1807 
154 1807 
155 1807 
156 1807 
157 1807 
158 1808 
159 1807 
160 1807 
161 1807 
162 1807 
163 1807 
164 1807 
165 1808 
166 1807 
167 1807 
168 1807 
169 1807 
170 1808 
171 1806 
172 1807 
173 1807 
174 1807 
175 1807 
176 1806 
177 1807 
178 1807 
179 1807 
180 1807 
181 1806 
182 1807 
183 1807 
184 1807 
185 1807 
186 1807 
187 1807 
188 1807 
189 1807 
190 1807 
191 1807 
192 1807 
193 1807 
194 1807 
195 1807 
196 1807 
197 1807 
198 1807 
199 1807 
200 1807 
201 1807 
202 1807 
203 1807 
204 1807 
205 1807 
206 1807 
207 1807 
208 1807 
209 1807 
210 1807 
211 1807 
212 1807 
213 1807 
214 1807 
215 1807 
216 1807 
217 1807 
218 1807 
219 1807 
220 1807 
221 1807 
222 1807 
223 1807 
224 1807 
225 1807 
226 1807 
227 1807 
228 1807 
229 1807 
230 1807 
231 1807 
232 1807 
233 1807 
234 1807 
235 1807 
236 1807 
237 1807 
238 1807 
239 1807 
240 1807 
241 1807 
242 1807 
243 1807 
244 1807 
245 1807 
246 1807 
247 1807 
248 1807 
249 1806 
250 1807 
251 1806 
252 1807 
253 1807 
254 1807 
255 1807 
256 1807 
257 1806 
258 1807 
259 1807 
260 1807 
261 1807 
262 1807 
263 1807 
264 1807 
265 1807 
266 1807 
267 1807 
268 1807 
269 1807 
270 1807 
271 1807 
272 1807 
273 1807 
274 1807 
275 1807 
276 1807 
277 1807 
278 1807 
279 1807 
280 1807 
281 1807 
282 1807 
283 1807 
284 1807 
285 1807 
286 1807 
287 1807 
288 1807 
289 1807 
290 1807 
291 1807 
292 1807 
293 1807 
294 1807 
295 1807 
296 1807 
297 1807 
298 1807 
299 1807 
300 1807 
301 1807 
302 1807 
303 1807 
304 1807 
305 1807 
306 1807 
307 1807 
308 1807 
309 1807 
310 1807 
311 1807 
312 1807 
313 1807 
314 1807 
315 1807 
316 1806 
317 1807 
318 1807 
319 1807 
320 1807 
321 1807 
322 1807 
323 1807 
324 1807 
325 1807 
326 1806 
327 1807 
328 1807 
329 1807 
330 1807 
331 1807 
332 1807 
333 1807 
334 1807 
335 1808 
336 1807 
337 1807 
338 1807 
339 1807 
340 1807 
341 1807 
342 1807 
343 1808 
344 1807 
345 1807 
346 1807 
347 1806 
348 1807 
349 1807 
350 1807 
351 1807 
352 1807 
353 1807 
354 1807 
355 1807 
356 1807 
357 1806 
358 1807 
359 1807 
360 1807 
361 1807 
362 1806 
363 1807 
364 1807 
365 1807 
366 1807 
367 1807 
368 1807 
369 1807 
370 1807 
371 1807 
372 1807 
373 1807 
374 1807 
375 1807 
376 1807 
377 1807 
378 1807 
379 1807 
380 1807 
381 1807 
382 1807 
383 1807 
384 1807 
385 1807 
386 1807 
387 1807 
388 1807 
389 1807 
390 1807 
391 1807 
392 1807 
393 1807 
394 1807 
395 1807 
396 1807 
397 1807 
398 1807 
399 1807 
400 1807 
401 1808 
402 1807 
403 1807 
404 1807 
405 1807 
406 1807 
407 1807 
408 1807 
409 1807 
410 1807 
411 1807 
412 1807 
413 1807 
414 1807 
415 1807 
416 1807 
417 1807 
418 1807 
419 1807 
420 1807 
421 1807 
422 1807 
423 1807 
424 1807 
425 1807 
426 1807 
427 1807 
428 1807 
429 1807 
430 1807 
431 1807 
432 1807 
433 1807 
434 1807 
435 1807 
436 1807 
437 1807 
438 1807 
439 1807 
440 1807 
441 1807 
442 1807 
443 1807 
444 1807 
445 1807 
446 1807 
447 1807 
448 1807 
449 1807 
450 1807 
451 1807 
452 1807 
453 1807 
454 1807 
455 1807 
456 1807 
457 1807 
458 1807 
459 1807 
460 1807 
461 1807 
462 1807 
463 1807 
464 1807 
465 1807 
466 1807 
467 1807 
468 1807 
469 1807 
470 1807 
471 1807 
472 1807 
473 1807 
474 1808 
475 1807 
476 1807 
477 1807 
478 1807 
479 1807 
480 1807 
481 1806 
482 1807 
483 1807 
484 1807 
485 1807 
486 1807 
487 1807 
488 1807 
489 1807 
490 1807 
491 1807 
492 1808 
493 1807 
494 1807 
495 1807 
496 1807 
497 1807 
498 1807 
499 1807 
500 1807 
501 1807 
502 1807 
503 1807 
504 1807 
505 1807 
506 1807 
507 1807 
508 1807 
509 1807 
510 1807 
511 1808 
512 1807 
513 1807 
514 1807 
515 1807 
516 1807 
517 1807 
518 1807 
519 1807 
520 1807 
521 1807 
522 1807 
523 1807 
524 1808 
525 1807 
526 1807 
527 1807 
528 1808 
529 1807 
530 1807 
531 1807 
532 1807 
533 1807 
534 1807 
535 1808 
536 1807 
537 1807 
538 1807 
539 1807 
540 1807 
541 1807 
542 1807 
543 1807 
544 1807 
545 1807 
546 1806 
547 1806 
548 1807 
549 1807 
550 1807 
551 1807 
552 1807 
553 1807 
554 1807 
555 1807 
556 1808 
557 1807 
558 1806 
559 1807 
560 1806 
561 1807 
562 1807 
563 1807 
564 1807 
565 1807 
566 1807 
567 1807 
568 1807 
569 1807 
570 1807 
571 1807 
572 1807 
573 1807 
574 1807 
575 1806 
576 1806 
577 1807 
578 1807 
579 1807 
580 1807 
581 1807 
582 1807 
583 1807 
584 1807 
585 1807 
586 1807 
587 1807 
588 1807 
589 1807 
590 1807 
591 1807 
592 1807 
593 1807 
594 1807 
595 1807 
596 1807 
597 1807 
598 1807 
599 1807 
600 1807 
601 1807 
602 1807 
603 1807 
604 1807 
605 1807 
606 1807 
607 1808 
608 1807 
609 1807 
610 1807 
611 1807 
612 1807 
613 1807 
614 1807 
615 1807 
616 1807 
617 1807 
618 1807 
619 1808 
620 1807 
621 1807 
622 1807 
623 1807 
624 1807 
625 1807 
626 1807 
627 1807 
628 1807 
629 1807 
630 1807 
631 1807 
632 1807 
633 1807 
634 1807 
635 1807 
636 1807 
637 1807 
638 1807 
639 1807 
640 1807 
641 1807 
642 1807 
643 1807 
644 1807 
645 1807 
646 1807 
647 1807 
648 1807 
649 1806 
650 1807 
651 1807 
652 1807 
653 1807 
654 1807 
655 1807 
656 1807 
657 1807 
658 1806 
659 1807 
660 1807 
661 1807 
662 1807 
663 1807 
664 1807 
665 1807 
666 1807 
667 1807 
668 1807 
669 1807 
670 1807 
671 1807 
672 1807 
673 1807 
674 1807 
675 1807 
676 1807 
677 1807 
678 1807 
679 1808 
680 1807 
681 1807 
682 1807 
683 1807 
684 1808 
685 1807 
686 1807 
687 1807 
688 1807 
689 1807 
690 1807 
691 1807 
692 1807 
693 1807 
694 1807 
695 1807 
696 1807 
697 1807 
698 1807 
699 1807 
700 1807 
701 1807 
702 1807 
703 1807 
704 1807 
705 1807 
706 1807 
707 1807 
708 1807 
709 1807 
710 1807 
711 1807 
712 1807 
713 1807 
714 1807 
715 1807 
716 1807 
717 1806 
718 1807 
719 1807 
720 1807 
721 1807 
722 1807 
723 1807 
724 1807 
725 1807 
726 1807 
727 1807 
728 1807 
729 1807 
730 1807 
731 1807 
732 1807 
733 1807 
734 1807 
735 1807 
736 1807 
737 1807 
738 1807 
739 1807 
740 1807 
741 1807 
742 1807 
743 1807 
744 1807 
745 1807 
746 1807 
747 1807 
748 1807 
749 1806 
750 1807 
751 1807 
752 1807 
753 1807 
754 1807 
755 1807 
756 1807 
757 1807 
758 1807 
759 1807 
760 1807 
761 1807 
762 1807 
763 1807 
764 1807 
765 1807 
766 1807 
767 1807 
768 1807 
769 1807 
770 1807 
771 1807 
772 1807 
773 1807 
774 1807 
775 1807 
776 1807 
777 1807 
778 1807 
779 1807 
780 1807 
781 1807 
782 1807 
783 1807 
784 1807 
785 1807 
786 1807 
787 1807 
788 1807 
789 1807 
790 1807 
791 1807 
792 1807 
793 1807 
794 1807 
795 1807 
796 1807 
797 1807 
798 1807 
799 1807 
800 1807 
801 1807 
802 1807 
803 1807 
804 1807 
805 1807 
806 1807 
807 1806 
808 1807 
809 1807 
810 1807 
811 1807 
812 1807 
813 1807 
814 1807 
815 1807 
816 1806 
817 1806 
818 1807 
819 1807 
820 1807 
821 1807 
822 1807 
823 1807 
824 1807 
825 1807 
826 1807 
827 1807 
828 1807 
829 1807 
830 1806 
831 1807 
832 1807 
833 1807 
834 1807 
835 1807 
836 1807 
837 1807 
838 1807 
839 1807 
840 1807 
841 1807 
842 1807 
843 1807 
844 1807 
845 1807 
846 1807 
847 1807 
848 1807 
849 1807 
850 1807 
851 1807 
852 1807 
853 1807 
854 1807 
855 1807 
856 1807 
857 1807 
858 1807 
859 1807 
860 1807 
861 1807 
862 1807 
863 1807 
864 1807 
865 1807 
866 1807 
867 1807 
868 1807 
869 1807 
870 1807 
871 1807 
872 1807 
873 1807 
874 1807 
875 1807 
876 1807 
877 1807 
878 1806 
879 1807 
880 1807 
881 1807 
882 1807 
883 1807 
884 1807 
885 1807 
886 1807 
887 1807 
888 1806 
889 1807 
890 1807 
891 1807 
892 1807 
893 1807 
894 1807 
895 1807 
896 1807 
897 1807 
898 1807 
899 1807 
900 1807 
901 1807 
902 1807 
903 1807 
904 1807 
905 1807 
906 1807 
907 1807 
908 1807 
909 1807 
910 1807 
911 1807 
912 1808 
913 1807 
914 1807 
915 1807 
916 1807 
917 1807 
918 1807 
919 1807 
920 1807 
921 1807 
922 1807 
923 1808 
924 1807 
925 1807 
926 1807 
927 1807 
928 1807 
929 1807 
930 1807 
931 1807 
932 1807 
933 1807 
934 1807 
935 1807 
936 1807 
937 1807 
938 1807 
939 1807 
940 1807 
941 1808 
942 1807 
943 1807 
944 1807 
945 1807 
946 1807 
947 1807 
948 1807 
949 1807 
950 1807 
951 1807 
952 1807 
953 1807 
954 1807 
955 1807 
956 1807 
957 1807 
958 1807 
959 1807 
960 1807 
961 1807 
962 1807 
963 1807 
964 1807 
965 1807 
966 1807 
967 1807 
968 1807 
969 1807 
970 1807 
971 1807 
972 1807 
973 1807 
974 1807 
975 1807 
976 1807 
977 1807 
978 1807 
979 1808 
980 1807 
981 1807 
982 1807 
983 1807 
984 1807 
985 1807 
986 1807 
987 1807 
988 1807 
989 1807 
990 1807 
991 1807 
992 1807 
993 1808 
994 1807 
995 1807 
996 1807 
997 1807 
998 1807 
999 1807 
1000 1808 
1001 1806 
1002 1807 
1003 1807 
1004 1807 
1005 1807 
1006 1807 
1007 1807 
