1 1982 
2 1982 
3 1982 
4 1982 
5 1982 
6 1983 
7 1982 
8 1982 
9 1982 
10 1982 
11 1982 
12 1982 
13 1983 
14 1982 
15 1982 
16 1982 
17 1982 
18 1982 
19 1982 
20 1982 
21 1982 
22 1983 
23 1982 
24 1983 
25 1982 
26 1983 
27 1983 
28 1983 
29 1982 
30 1982 
31 1982 
32 1983 
33 1982 
34 1983 
35 1983 
36 1983 
37 1982 
38 1982 
39 1982 
40 1983 
41 1983 
42 1982 
43 1982 
44 1983 
45 1982 
46 1982 
47 1983 
48 1982 
49 1983 
50 1982 
51 1982 
52 1982 
53 1982 
54 1982 
55 1982 
56 1982 
57 1983 
58 1982 
59 1982 
60 1982 
61 1982 
62 1983 
63 1982 
64 1982 
65 1982 
66 1982 
67 1983 
68 1982 
69 1983 
70 1982 
71 1982 
72 1982 
73 1982 
74 1982 
75 1982 
76 1983 
77 1982 
78 1982 
79 1982 
80 1982 
81 1983 
82 1983 
83 1982 
84 1983 
85 1982 
86 1982 
87 1982 
88 1982 
89 1982 
90 1982 
91 1983 
92 1982 
93 1983 
94 1982 
95 1982 
96 1983 
97 1982 
98 1982 
99 1982 
100 1982 
101 1982 
102 1982 
103 1982 
104 1983 
105 1983 
106 1982 
107 1983 
108 1982 
109 1982 
110 1982 
111 1982 
112 1982 
113 1982 
114 1982 
115 1982 
116 1982 
117 1982 
118 1983 
119 1982 
120 1983 
121 1982 
122 1983 
123 1982 
124 1982 
125 1982 
126 1982 
127 1982 
128 1982 
129 1982 
130 1982 
131 1983 
132 1982 
133 1982 
134 1983 
135 1982 
136 1983 
137 1982 
138 1983 
139 1983 
140 1983 
141 1982 
142 1983 
143 1983 
144 1982 
145 1982 
146 1982 
147 1982 
148 1983 
149 1982 
150 1982 
151 1982 
152 1982 
153 1983 
154 1982 
155 1983 
156 1983 
157 1982 
158 1982 
159 1982 
160 1983 
161 1982 
162 1982 
163 1982 
164 1982 
165 1982 
166 1982 
167 1983 
168 1982 
169 1982 
170 1983 
171 1982 
172 1983 
173 1982 
174 1982 
175 1982 
176 1983 
177 1983 
178 1982 
179 1983 
180 1983 
181 1982 
182 1982 
183 1982 
184 1983 
185 1982 
186 1982 
187 1982 
188 1983 
189 1983 
190 1982 
191 1982 
192 1983 
193 1983 
194 1982 
195 1982 
196 1983 
197 1982 
198 1983 
199 1982 
200 1983 
201 1982 
202 1983 
203 1982 
204 1983 
205 1982 
206 1982 
207 1982 
208 1982 
209 1982 
210 1983 
211 1982 
212 1983 
213 1983 
214 1982 
215 1983 
216 1982 
217 1982 
218 1983 
219 1982 
220 1982 
221 1983 
222 1982 
223 1983 
224 1983 
225 1983 
226 1983 
227 1983 
228 1982 
229 1983 
230 1982 
231 1982 
232 1983 
233 1983 
234 1982 
235 1982 
236 1982 
237 1982 
238 1982 
239 1982 
240 1982 
241 1982 
242 1982 
243 1982 
244 1982 
245 1983 
246 1982 
247 1982 
248 1983 
249 1982 
250 1982 
251 1983 
252 1982 
253 1982 
254 1983 
255 1982 
256 1982 
257 1982 
258 1982 
259 1983 
260 1982 
261 1983 
262 1982 
263 1982 
264 1982 
265 1982 
266 1983 
267 1983 
268 1983 
269 1982 
270 1983 
271 1982 
272 1982 
273 1983 
274 1982 
275 1983 
276 1982 
277 1983 
278 1982 
279 1982 
280 1982 
281 1983 
282 1982 
283 1983 
284 1983 
285 1982 
286 1982 
287 1982 
288 1982 
289 1982 
290 1982 
291 1982 
292 1982 
293 1982 
294 1982 
295 1982 
296 1982 
297 1982 
298 1982 
299 1982 
300 1982 
301 1983 
302 1983 
303 1982 
304 1982 
305 1982 
306 1983 
307 1982 
308 1982 
309 1982 
310 1982 
311 1982 
312 1983 
313 1982 
314 1982 
315 1982 
316 1983 
317 1982 
318 1982 
319 1983 
320 1982 
321 1982 
322 1982 
323 1982 
324 1982 
325 1982 
326 1982 
327 1982 
328 1982 
329 1982 
330 1983 
331 1983 
332 1982 
333 1983 
334 1982 
335 1983 
336 1982 
337 1982 
338 1983 
339 1982 
340 1982 
341 1982 
342 1982 
343 1982 
344 1982 
345 1982 
346 1982 
347 1982 
348 1982 
349 1982 
350 1982 
351 1982 
352 1982 
353 1982 
354 1982 
355 1982 
356 1982 
357 1983 
358 1982 
359 1982 
360 1982 
361 1982 
362 1982 
363 1982 
364 1982 
365 1983 
366 1982 
367 1983 
368 1982 
369 1982 
370 1982 
371 1982 
372 1982 
373 1982 
374 1982 
375 1982 
376 1983 
377 1983 
378 1982 
379 1982 
380 1982 
381 1982 
382 1982 
383 1982 
384 1982 
385 1983 
386 1982 
387 1982 
388 1983 
389 1983 
390 1982 
391 1982 
392 1982 
393 1982 
394 1983 
395 1983 
396 1982 
397 1982 
398 1982 
399 1982 
400 1982 
401 1982 
402 1982 
403 1982 
404 1982 
405 1982 
406 1983 
407 1982 
408 1982 
409 1983 
410 1982 
411 1982 
412 1982 
413 1983 
414 1982 
415 1982 
416 1982 
417 1982 
418 1982 
419 1982 
420 1982 
421 1982 
422 1982 
423 1982 
424 1982 
425 1982 
426 1983 
427 1982 
428 1982 
429 1982 
430 1982 
431 1982 
432 1982 
433 1982 
434 1983 
435 1982 
436 1982 
437 1982 
438 1982 
439 1982 
440 1982 
441 1982 
442 1983 
443 1982 
444 1983 
445 1981 
446 1983 
447 1983 
448 1982 
449 1982 
450 1982 
451 1982 
452 1982 
453 1982 
454 1982 
455 1983 
456 1982 
457 1982 
458 1982 
459 1983 
460 1983 
461 1982 
462 1982 
463 1982 
464 1982 
465 1982 
466 1982 
467 1982 
468 1982 
469 1982 
470 1983 
471 1982 
472 1982 
473 1982 
474 1982 
475 1982 
476 1983 
477 1983 
478 1982 
479 1982 
480 1982 
481 1982 
482 1983 
483 1982 
484 1982 
485 1982 
486 1982 
487 1982 
488 1982 
489 1983 
490 1983 
491 1982 
492 1982 
493 1983 
494 1983 
495 1982 
496 1982 
497 1983 
498 1982 
499 1982 
500 1982 
501 1982 
502 1982 
503 1982 
504 1982 
505 1982 
506 1982 
507 1982 
508 1982 
509 1983 
510 1982 
511 1982 
512 1983 
513 1982 
514 1982 
515 1982 
516 1982 
517 1983 
518 1982 
519 1982 
520 1982 
521 1983 
522 1983 
523 1983 
524 1982 
525 1982 
526 1982 
527 1982 
528 1982 
529 1982 
530 1982 
531 1982 
532 1982 
533 1982 
534 1982 
535 1982 
536 1982 
537 1982 
538 1982 
539 1982 
540 1982 
541 1983 
542 1982 
543 1982 
544 1982 
545 1982 
546 1982 
547 1983 
548 1982 
549 1982 
550 1982 
551 1983 
552 1982 
553 1982 
554 1982 
555 1982 
556 1983 
557 1982 
558 1982 
559 1983 
560 1982 
561 1982 
562 1982 
563 1982 
564 1982 
565 1982 
566 1982 
567 1982 
568 1983 
569 1982 
570 1983 
571 1982 
572 1982 
573 1982 
574 1982 
575 1982 
576 1982 
577 1983 
578 1982 
579 1982 
580 1982 
581 1982 
582 1982 
583 1983 
584 1982 
585 1982 
586 1983 
587 1982 
588 1982 
