1 2145 
2 2145 
3 2146 
4 2145 
5 2145 
6 2146 
7 2145 
8 2145 
9 2145 
10 2146 
11 2145 
12 2146 
13 2145 
14 2145 
15 2146 
16 2145 
17 2145 
18 2146 
19 2146 
20 2145 
21 2145 
22 2145 
23 2146 
24 2145 
25 2145 
26 2145 
27 2145 
28 2146 
29 2146 
30 2145 
31 2146 
32 2145 
33 2146 
34 2146 
35 2145 
36 2145 
37 2145 
38 2146 
39 2145 
40 2146 
41 2145 
42 2145 
43 2145 
44 2146 
45 2146 
46 2146 
47 2145 
48 2145 
49 2145 
50 2145 
51 2145 
52 2146 
53 2145 
54 2146 
55 2145 
56 2146 
57 2145 
58 2146 
59 2146 
60 2146 
61 2146 
62 2145 
63 2145 
64 2146 
65 2146 
66 2145 
67 2146 
68 2146 
69 2146 
70 2145 
71 2146 
72 2145 
73 2146 
74 2146 
75 2145 
76 2146 
77 2146 
78 2146 
79 2145 
80 2146 
81 2145 
82 2145 
83 2146 
84 2146 
85 2145 
86 2145 
87 2146 
88 2146 
89 2145 
90 2145 
91 2146 
92 2145 
93 2146 
94 2146 
95 2145 
96 2145 
97 2146 
98 2146 
99 2145 
100 2146 
101 2145 
102 2145 
103 2146 
104 2146 
105 2145 
106 2146 
107 2145 
108 2146 
109 2145 
110 2146 
111 2145 
112 2145 
113 2145 
114 2146 
115 2146 
116 2146 
117 2146 
118 2146 
119 2145 
120 2145 
121 2145 
122 2146 
123 2146 
124 2146 
125 2146 
126 2146 
127 2146 
128 2145 
129 2146 
130 2146 
131 2145 
132 2146 
133 2145 
134 2146 
135 2146 
136 2146 
137 2146 
138 2146 
139 2146 
140 2145 
141 2145 
142 2146 
143 2145 
144 2146 
145 2145 
146 2146 
147 2145 
148 2145 
149 2145 
150 2146 
151 2145 
152 2145 
153 2146 
154 2145 
155 2146 
156 2146 
157 2145 
158 2146 
159 2146 
160 2145 
161 2145 
162 2146 
163 2146 
164 2146 
165 2145 
166 2146 
167 2146 
168 2145 
169 2146 
170 2145 
171 2146 
172 2146 
173 2145 
174 2145 
175 2145 
176 2145 
177 2145 
178 2145 
179 2145 
180 2145 
181 2145 
182 2145 
183 2145 
184 2146 
185 2145 
186 2146 
187 2145 
188 2146 
189 2146 
190 2146 
191 2146 
192 2146 
193 2146 
194 2146 
195 2146 
196 2145 
197 2145 
198 2146 
199 2145 
200 2146 
201 2146 
202 2146 
203 2145 
204 2146 
205 2145 
206 2145 
207 2146 
208 2145 
209 2146 
210 2146 
211 2145 
212 2145 
213 2145 
214 2146 
215 2145 
216 2146 
217 2145 
218 2146 
219 2146 
220 2146 
221 2145 
222 2146 
223 2145 
224 2145 
225 2146 
226 2146 
227 2145 
228 2145 
229 2146 
230 2145 
231 2146 
232 2145 
233 2145 
234 2145 
235 2146 
236 2145 
237 2145 
238 2146 
239 2145 
240 2146 
241 2145 
242 2145 
243 2146 
244 2146 
245 2145 
246 2146 
247 2146 
248 2145 
249 2146 
250 2146 
251 2146 
252 2145 
253 2146 
254 2146 
255 2145 
256 2145 
257 2145 
258 2146 
259 2146 
260 2146 
261 2146 
262 2145 
263 2145 
264 2145 
265 2145 
266 2145 
267 2145 
268 2145 
269 2145 
270 2145 
271 2146 
272 2146 
273 2145 
274 2145 
275 2146 
276 2146 
277 2145 
278 2145 
279 2146 
280 2145 
281 2146 
282 2146 
283 2145 
284 2145 
285 2145 
286 2146 
287 2146 
288 2146 
289 2145 
290 2145 
291 2146 
292 2145 
293 2145 
294 2145 
295 2146 
296 2145 
297 2145 
298 2146 
299 2145 
300 2146 
301 2145 
302 2145 
303 2145 
304 2145 
305 2146 
306 2146 
307 2145 
308 2145 
309 2145 
310 2145 
311 2146 
312 2145 
313 2145 
314 2146 
315 2145 
316 2146 
317 2145 
318 2146 
319 2145 
320 2146 
321 2146 
322 2146 
323 2145 
324 2145 
325 2146 
326 2145 
327 2145 
328 2146 
329 2146 
330 2145 
331 2146 
332 2146 
333 2145 
334 2145 
335 2146 
336 2145 
337 2145 
338 2146 
339 2145 
340 2146 
341 2145 
342 2146 
343 2146 
344 2146 
345 2146 
346 2146 
347 2145 
348 2146 
349 2146 
350 2146 
351 2145 
352 2145 
353 2145 
354 2145 
355 2146 
356 2145 
357 2145 
358 2145 
359 2146 
360 2146 
361 2145 
362 2145 
363 2145 
364 2145 
365 2145 
366 2145 
367 2146 
368 2145 
369 2146 
370 2146 
371 2145 
372 2145 
373 2145 
374 2146 
375 2146 
376 2146 
377 2145 
378 2146 
379 2145 
380 2146 
381 2145 
382 2145 
383 2145 
384 2145 
385 2146 
386 2146 
387 2146 
388 2146 
389 2146 
390 2145 
391 2145 
392 2145 
393 2146 
394 2145 
395 2146 
396 2145 
397 2145 
398 2146 
399 2146 
400 2145 
401 2146 
402 2145 
403 2146 
404 2145 
405 2145 
406 2145 
407 2145 
408 2145 
409 2146 
410 2145 
411 2145 
412 2145 
413 2145 
414 2145 
415 2146 
416 2145 
417 2146 
418 2145 
419 2145 
420 2145 
421 2146 
422 2145 
423 2145 
424 2146 
425 2146 
426 2145 
427 2145 
428 2145 
429 2146 
430 2145 
431 2145 
432 2145 
433 2145 
434 2145 
435 2146 
436 2145 
437 2145 
438 2145 
439 2146 
440 2146 
441 2145 
442 2145 
443 2145 
444 2145 
445 2145 
446 2145 
447 2146 
448 2145 
449 2145 
450 2145 
451 2145 
452 2145 
453 2146 
454 2145 
455 2145 
456 2145 
457 2146 
458 2146 
459 2145 
460 2145 
461 2145 
462 2145 
463 2145 
464 2145 
465 2145 
466 2146 
467 2146 
468 2145 
469 2145 
470 2145 
471 2145 
472 2146 
473 2145 
474 2145 
475 2145 
476 2145 
477 2145 
478 2145 
479 2145 
480 2146 
481 2146 
482 2145 
483 2146 
484 2145 
485 2146 
486 2145 
487 2146 
488 2145 
489 2145 
490 2145 
491 2145 
492 2145 
493 2146 
494 2146 
495 2145 
496 2145 
497 2145 
498 2145 
499 2145 
500 2145 
501 2145 
502 2145 
503 2145 
504 2146 
505 2145 
506 2146 
507 2145 
508 2145 
509 2145 
510 2145 
511 2145 
512 2145 
513 2145 
514 2145 
515 2145 
516 2145 
517 2145 
518 2146 
519 2145 
520 2145 
521 2146 
522 2145 
523 2145 
524 2145 
525 2145 
526 2145 
527 2146 
528 2145 
529 2145 
530 2145 
531 2145 
532 2145 
533 2145 
534 2145 
535 2145 
536 2145 
537 2146 
538 2145 
539 2146 
540 2146 
541 2145 
542 2145 
543 2145 
544 2145 
545 2145 
546 2145 
547 2146 
548 2145 
549 2145 
550 2145 
551 2145 
552 2145 
553 2145 
554 2145 
555 2145 
556 2146 
557 2145 
558 2145 
559 2145 
560 2145 
561 2145 
562 2145 
563 2145 
564 2146 
565 2145 
566 2145 
567 2145 
568 2145 
569 2145 
570 2145 
571 2145 
572 2145 
573 2145 
574 2145 
575 2145 
576 2145 
577 2145 
578 2145 
579 2145 
580 2145 
581 2145 
582 2145 
583 2145 
