1 234 
2 233 
3 234 
4 234 
5 234 
6 233 
7 234 
8 234 
9 233 
10 234 
11 234 
12 234 
13 234 
14 234 
15 234 
16 234 
17 234 
18 234 
19 234 
20 234 
21 234 
22 233 
23 234 
24 234 
25 234 
26 234 
27 234 
28 234 
29 234 
30 234 
31 234 
32 234 
33 233 
34 234 
35 234 
36 234 
37 234 
38 234 
39 234 
40 234 
41 234 
42 234 
43 234 
44 234 
45 234 
46 234 
47 234 
48 233 
49 234 
50 234 
51 233 
52 234 
53 234 
54 234 
55 234 
56 234 
57 234 
58 234 
59 233 
60 234 
61 234 
62 234 
63 234 
64 234 
65 234 
66 234 
67 233 
68 234 
69 234 
70 234 
71 234 
72 234 
73 234 
74 234 
75 234 
76 234 
77 233 
78 234 
79 234 
80 234 
81 234 
82 234 
83 233 
84 234 
85 234 
86 234 
87 234 
88 234 
89 234 
90 234 
91 234 
92 234 
93 234 
94 234 
95 234 
96 233 
97 234 
98 234 
99 234 
100 234 
101 234 
102 234 
103 234 
104 234 
105 234 
106 234 
107 234 
108 234 
109 233 
110 234 
111 234 
112 234 
113 234 
114 235 
115 234 
116 234 
117 234 
118 234 
119 234 
120 234 
121 234 
122 234 
123 234 
124 234 
125 234 
126 234 
127 234 
128 234 
129 234 
130 234 
131 234 
132 233 
133 234 
134 234 
135 234 
136 234 
137 234 
138 233 
139 234 
140 234 
141 234 
142 234 
143 234 
144 234 
145 234 
146 234 
147 234 
148 234 
149 234 
150 234 
151 234 
152 234 
153 234 
154 234 
155 234 
156 234 
157 234 
158 234 
159 234 
160 234 
161 234 
162 234 
163 234 
164 234 
165 233 
166 233 
167 233 
168 234 
169 234 
170 234 
171 234 
172 234 
173 234 
174 234 
175 234 
176 234 
177 234 
178 234 
179 234 
180 234 
181 234 
182 234 
183 234 
184 234 
185 234 
186 234 
187 234 
188 234 
189 234 
190 234 
191 233 
192 234 
193 234 
194 234 
195 234 
196 234 
197 234 
198 234 
199 234 
200 234 
201 234 
202 234 
203 234 
204 234 
205 234 
206 234 
207 234 
208 234 
209 234 
210 234 
211 234 
212 234 
213 234 
214 234 
215 234 
216 233 
217 234 
218 234 
219 234 
220 234 
221 234 
222 234 
223 234 
224 234 
225 233 
226 233 
227 234 
228 234 
229 234 
230 235 
231 233 
232 234 
233 234 
234 234 
235 234 
236 234 
237 234 
238 234 
239 234 
240 234 
241 234 
242 234 
243 234 
244 233 
245 234 
246 234 
247 234 
248 234 
249 234 
250 233 
251 234 
252 234 
253 234 
254 234 
255 234 
256 234 
257 234 
258 234 
259 234 
260 234 
261 234 
262 234 
263 234 
264 234 
265 234 
266 234 
267 234 
268 234 
269 234 
270 234 
271 234 
272 234 
273 234 
274 234 
275 234 
276 234 
277 234 
278 234 
279 234 
280 234 
281 234 
282 234 
283 234 
284 234 
285 234 
286 234 
287 234 
288 233 
289 234 
290 234 
291 234 
292 234 
293 234 
294 234 
295 233 
296 234 
297 234 
298 234 
299 234 
300 234 
301 234 
302 234 
303 234 
304 234 
305 234 
306 234 
307 234 
308 234 
309 234 
310 234 
311 234 
312 234 
313 234 
314 234 
315 234 
316 234 
317 234 
318 234 
319 234 
320 234 
321 233 
322 234 
323 234 
324 233 
325 234 
326 234 
327 234 
328 234 
329 234 
330 234 
331 234 
332 234 
333 234 
334 234 
335 233 
336 234 
337 234 
338 234 
339 234 
340 233 
341 234 
342 233 
343 234 
344 234 
345 234 
346 234 
347 233 
348 233 
349 234 
350 234 
351 234 
352 233 
353 233 
354 234 
355 234 
356 234 
357 233 
358 234 
359 233 
360 234 
361 233 
362 234 
363 234 
364 234 
365 234 
366 233 
367 233 
368 234 
369 233 
370 233 
371 233 
372 234 
373 234 
374 234 
375 234 
376 234 
377 233 
378 233 
379 233 
380 233 
381 233 
382 233 
383 234 
384 233 
385 233 
386 234 
387 234 
388 234 
389 234 
390 234 
391 234 
392 234 
393 234 
394 234 
395 234 
396 234 
397 233 
398 234 
399 233 
400 234 
401 234 
402 234 
403 233 
404 234 
405 233 
406 234 
407 234 
408 233 
409 234 
410 234 
411 234 
412 234 
413 234 
414 233 
415 234 
416 234 
417 234 
418 233 
419 234 
420 234 
421 233 
422 234 
423 234 
424 233 
425 233 
426 234 
427 233 
428 234 
429 234 
430 234 
431 234 
432 233 
433 234 
434 234 
435 234 
436 233 
437 233 
438 234 
439 234 
440 234 
441 234 
442 234 
443 234 
444 234 
445 234 
446 234 
447 234 
448 234 
449 234 
450 233 
451 233 
452 233 
453 234 
454 234 
455 233 
456 233 
457 234 
458 233 
459 234 
460 233 
461 234 
462 234 
463 233 
464 233 
465 233 
466 233 
467 234 
468 234 
469 234 
470 234 
471 234 
472 234 
473 234 
474 234 
475 234 
476 234 
477 233 
478 234 
479 234 
480 233 
481 233 
482 234 
483 234 
484 234 
485 234 
486 234 
487 233 
488 234 
489 234 
490 234 
491 234 
492 234 
493 234 
494 234 
495 234 
496 234 
497 234 
498 234 
499 234 
500 233 
501 234 
502 233 
503 234 
504 234 
505 234 
506 234 
507 234 
508 234 
509 233 
510 234 
511 234 
512 233 
513 233 
514 233 
515 234 
516 233 
517 234 
518 233 
519 234 
520 234 
521 233 
522 234 
523 234 
524 233 
525 234 
526 234 
527 234 
528 234 
529 234 
530 234 
531 234 
532 234 
533 234 
534 234 
535 234 
536 234 
537 234 
538 234 
539 234 
540 234 
541 234 
542 234 
543 234 
544 234 
545 234 
546 234 
547 234 
548 234 
549 234 
550 233 
551 233 
552 234 
553 234 
554 234 
555 234 
556 234 
