1 2468 
2 2468 
3 2468 
4 2468 
5 2468 
6 2468 
7 2468 
8 2469 
9 2468 
10 2468 
11 2468 
12 2468 
13 2469 
14 2468 
15 2468 
16 2469 
17 2468 
18 2468 
19 2468 
20 2469 
21 2468 
22 2468 
23 2468 
24 2468 
25 2468 
26 2468 
27 2468 
28 2468 
29 2468 
30 2468 
31 2468 
32 2468 
33 2468 
34 2468 
35 2468 
36 2468 
37 2468 
38 2468 
39 2468 
40 2468 
41 2468 
42 2468 
43 2468 
44 2468 
45 2468 
46 2468 
47 2468 
48 2468 
49 2468 
50 2469 
51 2468 
52 2468 
53 2468 
54 2468 
55 2468 
56 2468 
57 2468 
58 2468 
59 2468 
60 2468 
61 2468 
62 2468 
63 2468 
64 2468 
65 2468 
66 2468 
67 2468 
68 2468 
69 2468 
70 2468 
71 2468 
72 2468 
73 2468 
74 2468 
75 2468 
76 2468 
77 2468 
78 2468 
79 2468 
80 2468 
81 2469 
82 2468 
83 2468 
84 2468 
85 2468 
86 2468 
87 2467 
88 2468 
89 2468 
90 2468 
91 2468 
92 2468 
93 2468 
94 2468 
95 2468 
96 2468 
97 2468 
98 2468 
99 2468 
100 2468 
101 2468 
102 2468 
103 2468 
104 2468 
105 2468 
106 2468 
107 2468 
108 2468 
109 2468 
110 2467 
111 2469 
112 2468 
113 2468 
114 2468 
115 2468 
116 2468 
117 2469 
118 2468 
119 2468 
120 2468 
121 2468 
122 2468 
123 2468 
124 2468 
125 2468 
126 2468 
127 2468 
128 2468 
129 2468 
130 2468 
131 2468 
132 2467 
133 2468 
134 2468 
135 2468 
136 2468 
137 2468 
138 2468 
139 2467 
140 2468 
141 2468 
142 2468 
143 2468 
144 2468 
145 2468 
146 2468 
147 2468 
148 2468 
149 2468 
150 2468 
151 2468 
152 2468 
153 2468 
154 2468 
155 2468 
156 2468 
157 2468 
158 2468 
159 2468 
160 2468 
161 2468 
162 2468 
163 2468 
164 2468 
165 2467 
166 2468 
167 2468 
168 2468 
169 2468 
170 2467 
171 2468 
172 2468 
173 2468 
174 2468 
175 2468 
176 2468 
177 2468 
178 2468 
179 2468 
180 2468 
181 2468 
182 2467 
183 2468 
184 2468 
185 2468 
186 2467 
187 2468 
188 2468 
189 2468 
190 2468 
191 2467 
192 2468 
193 2468 
194 2468 
195 2468 
196 2468 
197 2468 
198 2467 
199 2468 
200 2468 
201 2468 
202 2468 
203 2468 
204 2467 
205 2467 
206 2467 
207 2468 
208 2467 
209 2468 
210 2468 
211 2468 
212 2467 
213 2467 
214 2468 
215 2468 
216 2468 
217 2468 
218 2467 
219 2468 
220 2467 
221 2468 
222 2468 
223 2467 
224 2468 
225 2467 
226 2467 
227 2468 
228 2467 
229 2468 
230 2468 
231 2468 
232 2467 
233 2467 
234 2467 
235 2468 
236 2468 
237 2468 
238 2468 
239 2468 
240 2468 
241 2468 
242 2468 
243 2468 
244 2467 
245 2468 
246 2467 
247 2467 
248 2468 
249 2468 
250 2469 
251 2468 
252 2468 
253 2467 
254 2467 
255 2467 
256 2467 
257 2467 
258 2467 
259 2468 
260 2467 
261 2467 
262 2468 
263 2468 
264 2468 
265 2468 
266 2468 
267 2468 
268 2467 
269 2467 
270 2468 
271 2467 
272 2468 
273 2467 
274 2468 
275 2467 
276 2467 
277 2468 
278 2468 
279 2468 
280 2468 
281 2467 
282 2468 
283 2467 
284 2467 
285 2468 
286 2467 
287 2468 
288 2467 
289 2467 
290 2467 
291 2468 
292 2468 
293 2467 
294 2467 
295 2468 
296 2467 
297 2468 
298 2468 
299 2467 
300 2468 
301 2468 
302 2467 
303 2468 
304 2467 
305 2467 
306 2467 
307 2467 
308 2467 
309 2468 
310 2467 
311 2467 
312 2467 
313 2467 
314 2467 
315 2467 
316 2467 
317 2467 
318 2468 
319 2467 
320 2467 
321 2468 
322 2467 
323 2467 
324 2468 
325 2467 
326 2468 
327 2467 
328 2467 
329 2468 
330 2467 
331 2467 
332 2467 
333 2467 
334 2467 
335 2468 
336 2467 
337 2467 
338 2467 
339 2468 
340 2467 
341 2467 
342 2468 
343 2467 
344 2467 
345 2468 
346 2468 
347 2468 
348 2467 
349 2467 
350 2467 
351 2467 
352 2467 
353 2467 
354 2467 
355 2467 
356 2467 
357 2467 
358 2468 
359 2468 
360 2467 
361 2467 
362 2467 
363 2467 
364 2468 
365 2467 
366 2468 
367 2468 
368 2467 
369 2467 
370 2467 
371 2467 
372 2468 
373 2467 
374 2467 
375 2467 
376 2467 
377 2467 
378 2467 
379 2468 
380 2468 
381 2467 
382 2468 
383 2467 
384 2467 
385 2467 
386 2467 
387 2467 
388 2468 
389 2467 
390 2468 
391 2467 
392 2467 
393 2468 
394 2467 
395 2467 
396 2467 
397 2467 
398 2468 
399 2467 
400 2468 
401 2467 
402 2467 
403 2467 
404 2467 
405 2467 
406 2467 
407 2468 
408 2467 
409 2467 
410 2467 
411 2468 
412 2467 
413 2467 
414 2467 
415 2467 
416 2467 
417 2468 
418 2467 
419 2468 
420 2467 
421 2467 
422 2468 
423 2467 
424 2468 
425 2467 
426 2467 
427 2468 
428 2467 
429 2468 
430 2468 
431 2467 
432 2467 
433 2467 
434 2467 
435 2467 
436 2468 
437 2468 
438 2468 
439 2467 
440 2467 
441 2467 
442 2467 
443 2468 
444 2468 
445 2467 
446 2467 
447 2467 
448 2467 
449 2468 
450 2467 
451 2468 
452 2467 
453 2467 
454 2467 
455 2467 
456 2467 
457 2468 
458 2467 
459 2467 
460 2467 
461 2467 
462 2467 
463 2467 
464 2467 
465 2467 
466 2467 
467 2467 
468 2468 
469 2467 
470 2467 
471 2467 
472 2468 
473 2467 
474 2467 
475 2467 
476 2467 
477 2467 
478 2467 
479 2468 
480 2468 
481 2467 
482 2467 
483 2467 
484 2468 
485 2467 
486 2467 
487 2468 
488 2468 
489 2467 
490 2467 
491 2467 
492 2467 
493 2467 
494 2467 
495 2467 
496 2467 
497 2467 
498 2468 
499 2467 
500 2468 
501 2467 
502 2467 
503 2467 
504 2467 
505 2467 
506 2467 
507 2468 
508 2467 
509 2467 
510 2468 
511 2467 
512 2467 
513 2467 
514 2467 
515 2467 
516 2467 
517 2467 
518 2467 
519 2468 
520 2468 
521 2468 
522 2468 
523 2467 
524 2467 
525 2468 
526 2467 
527 2467 
528 2467 
529 2467 
530 2467 
531 2467 
532 2467 
533 2467 
534 2467 
535 2467 
536 2467 
537 2467 
538 2467 
539 2467 
540 2467 
541 2467 
542 2467 
543 2468 
544 2467 
545 2467 
546 2467 
547 2467 
548 2468 
549 2467 
550 2468 
551 2468 
552 2467 
553 2467 
554 2467 
555 2467 
556 2468 
557 2467 
