1 2781 
2 2781 
3 2781 
4 2781 
5 2781 
6 2781 
7 2781 
8 2782 
9 2781 
10 2781 
11 2781 
12 2781 
13 2781 
14 2781 
15 2781 
16 2781 
17 2781 
18 2781 
19 2782 
20 2782 
21 2781 
22 2781 
23 2782 
24 2781 
25 2781 
26 2781 
27 2781 
28 2781 
29 2782 
30 2781 
31 2781 
32 2781 
33 2781 
34 2782 
35 2780 
36 2781 
37 2781 
38 2781 
39 2781 
40 2781 
41 2781 
42 2782 
43 2781 
44 2781 
45 2781 
46 2781 
47 2781 
48 2781 
49 2781 
50 2781 
51 2781 
52 2781 
53 2781 
54 2781 
55 2781 
56 2781 
57 2782 
58 2781 
59 2781 
60 2782 
61 2781 
62 2781 
63 2781 
64 2781 
65 2782 
66 2781 
67 2780 
68 2781 
69 2781 
70 2781 
71 2781 
72 2781 
73 2781 
74 2781 
75 2781 
76 2782 
77 2781 
78 2781 
79 2781 
80 2781 
81 2781 
82 2781 
83 2781 
84 2781 
85 2781 
86 2781 
87 2781 
88 2781 
89 2782 
90 2781 
91 2781 
92 2781 
93 2781 
94 2781 
95 2781 
96 2781 
97 2781 
98 2781 
99 2782 
100 2781 
101 2781 
102 2781 
103 2781 
104 2781 
105 2781 
106 2781 
107 2782 
108 2781 
109 2781 
110 2781 
111 2781 
112 2782 
113 2781 
114 2781 
115 2781 
116 2781 
117 2781 
118 2781 
119 2781 
120 2781 
121 2781 
122 2781 
123 2781 
124 2781 
125 2781 
126 2782 
127 2781 
128 2781 
129 2782 
130 2781 
131 2781 
132 2781 
133 2781 
134 2781 
135 2781 
136 2781 
137 2781 
138 2781 
139 2781 
140 2781 
141 2781 
142 2781 
143 2781 
144 2781 
145 2781 
146 2781 
147 2781 
148 2781 
149 2781 
150 2781 
151 2781 
152 2781 
153 2781 
154 2781 
155 2781 
156 2781 
157 2781 
158 2781 
159 2781 
160 2781 
161 2781 
162 2781 
163 2781 
164 2781 
165 2781 
166 2781 
167 2781 
168 2781 
169 2781 
170 2781 
171 2781 
172 2781 
173 2781 
174 2781 
175 2781 
176 2781 
177 2781 
178 2781 
179 2781 
180 2781 
181 2781 
182 2781 
183 2781 
184 2781 
185 2781 
186 2781 
187 2781 
188 2781 
189 2781 
190 2781 
191 2781 
192 2780 
193 2781 
194 2781 
195 2781 
196 2781 
197 2781 
198 2781 
199 2781 
200 2782 
201 2782 
202 2781 
203 2781 
204 2781 
205 2781 
206 2781 
207 2781 
208 2781 
209 2781 
210 2781 
211 2781 
212 2780 
213 2782 
214 2781 
215 2781 
216 2781 
217 2781 
218 2781 
219 2781 
220 2780 
221 2781 
222 2781 
223 2781 
224 2781 
225 2781 
226 2781 
227 2781 
228 2781 
229 2781 
230 2781 
231 2781 
232 2780 
233 2782 
234 2781 
235 2781 
236 2781 
237 2781 
238 2781 
239 2781 
240 2781 
241 2781 
242 2781 
243 2781 
244 2781 
245 2781 
246 2781 
247 2781 
248 2781 
249 2781 
250 2781 
251 2781 
252 2781 
253 2781 
254 2781 
255 2781 
256 2781 
257 2781 
258 2781 
259 2781 
260 2781 
261 2780 
262 2781 
263 2781 
264 2781 
265 2781 
266 2781 
267 2781 
268 2781 
269 2781 
270 2781 
271 2781 
272 2781 
273 2781 
274 2781 
275 2781 
276 2781 
277 2781 
278 2781 
279 2781 
280 2781 
281 2781 
282 2781 
283 2781 
284 2781 
285 2781 
286 2780 
287 2781 
288 2781 
289 2781 
290 2781 
291 2781 
292 2781 
293 2781 
294 2781 
295 2781 
296 2781 
297 2781 
298 2781 
299 2781 
300 2781 
301 2780 
302 2781 
303 2782 
304 2782 
305 2781 
306 2780 
307 2781 
308 2781 
309 2781 
310 2781 
311 2781 
312 2781 
313 2781 
314 2781 
315 2781 
316 2781 
317 2781 
318 2781 
319 2781 
320 2781 
321 2781 
322 2781 
323 2781 
324 2781 
325 2781 
326 2781 
327 2781 
328 2781 
329 2781 
330 2781 
331 2781 
332 2781 
333 2780 
334 2781 
335 2781 
336 2781 
337 2781 
338 2781 
339 2781 
340 2781 
341 2781 
342 2781 
343 2781 
344 2781 
345 2781 
346 2781 
347 2781 
348 2781 
349 2780 
350 2781 
351 2782 
352 2781 
353 2781 
354 2781 
355 2781 
356 2781 
357 2781 
358 2781 
359 2781 
360 2781 
361 2781 
362 2781 
363 2781 
364 2781 
365 2781 
366 2781 
367 2781 
368 2781 
369 2781 
370 2781 
371 2781 
372 2780 
373 2781 
374 2781 
375 2781 
376 2781 
377 2781 
378 2781 
379 2781 
380 2781 
381 2781 
382 2781 
383 2781 
384 2781 
385 2780 
386 2781 
387 2781 
388 2781 
389 2781 
390 2781 
391 2781 
392 2782 
393 2781 
394 2781 
395 2781 
396 2781 
397 2781 
398 2781 
399 2780 
400 2780 
401 2781 
402 2781 
403 2781 
404 2781 
405 2781 
406 2781 
407 2781 
408 2781 
409 2781 
410 2781 
411 2781 
412 2780 
413 2781 
414 2781 
415 2781 
416 2781 
417 2781 
418 2782 
419 2780 
420 2781 
421 2780 
422 2781 
423 2781 
424 2780 
425 2781 
426 2781 
427 2781 
428 2780 
429 2781 
430 2781 
431 2780 
432 2781 
433 2781 
434 2781 
435 2780 
436 2781 
437 2781 
438 2781 
439 2781 
440 2781 
441 2782 
442 2781 
443 2781 
444 2781 
445 2781 
446 2781 
447 2781 
448 2781 
449 2782 
450 2781 
451 2781 
452 2781 
453 2781 
454 2781 
455 2781 
456 2781 
457 2781 
458 2781 
459 2780 
460 2781 
461 2781 
462 2781 
463 2781 
464 2781 
465 2781 
466 2781 
467 2781 
468 2781 
469 2781 
470 2781 
471 2781 
472 2780 
473 2780 
474 2781 
475 2780 
476 2780 
477 2781 
478 2781 
479 2781 
480 2781 
481 2781 
482 2781 
483 2780 
484 2781 
485 2781 
486 2781 
487 2781 
488 2781 
489 2780 
490 2781 
491 2781 
492 2781 
493 2781 
494 2781 
495 2780 
496 2781 
497 2781 
498 2781 
499 2780 
500 2781 
501 2781 
502 2781 
503 2781 
504 2781 
505 2781 
506 2781 
507 2781 
508 2781 
509 2781 
510 2781 
511 2781 
512 2781 
513 2781 
514 2781 
515 2781 
516 2781 
517 2781 
518 2781 
519 2780 
520 2781 
521 2781 
522 2780 
523 2781 
524 2781 
525 2780 
526 2781 
527 2781 
528 2780 
529 2780 
530 2781 
531 2781 
532 2781 
533 2780 
534 2781 
535 2781 
536 2781 
537 2781 
538 2781 
539 2781 
540 2780 
541 2781 
542 2781 
543 2780 
544 2780 
545 2781 
546 2781 
547 2781 
548 2780 
549 2781 
550 2781 
551 2781 
552 2781 
553 2781 
554 2780 
555 2781 
556 2781 
557 2781 
558 2781 
559 2781 
560 2780 
561 2781 
562 2780 
563 2781 
564 2781 
565 2781 
566 2781 
567 2781 
568 2781 
569 2781 
570 2780 
571 2781 
572 2781 
573 2781 
574 2781 
575 2780 
576 2781 
577 2780 
578 2781 
579 2781 
580 2781 
