1 304 
2 304 
3 304 
4 304 
5 304 
6 304 
7 304 
8 304 
9 304 
10 304 
11 304 
12 304 
13 304 
14 304 
15 304 
16 304 
17 304 
18 304 
19 304 
20 304 
21 304 
22 304 
23 304 
24 304 
25 304 
26 304 
27 304 
28 304 
29 304 
30 304 
31 304 
32 304 
33 304 
34 304 
35 304 
36 304 
37 304 
38 304 
39 304 
40 304 
41 304 
42 304 
43 304 
44 304 
45 304 
46 304 
47 304 
48 304 
49 304 
50 304 
51 304 
52 304 
53 304 
54 304 
55 304 
56 304 
57 304 
58 304 
59 304 
60 304 
61 304 
62 304 
63 305 
64 304 
65 304 
66 304 
67 304 
68 304 
69 304 
70 305 
71 304 
72 304 
73 305 
74 305 
75 304 
76 304 
77 304 
78 304 
79 304 
80 304 
81 304 
82 305 
83 304 
84 304 
85 304 
86 304 
87 304 
88 304 
89 304 
90 305 
91 305 
92 304 
93 304 
94 304 
95 304 
96 304 
97 304 
98 304 
99 304 
100 304 
101 304 
102 304 
103 304 
104 304 
105 304 
106 304 
107 304 
108 304 
109 304 
110 304 
111 304 
112 304 
113 304 
114 304 
115 304 
116 304 
117 304 
118 304 
119 304 
120 304 
121 304 
122 304 
123 304 
124 304 
125 304 
126 304 
127 304 
128 305 
129 304 
130 304 
131 304 
132 304 
133 304 
134 304 
135 304 
136 304 
137 304 
138 305 
139 304 
140 305 
141 304 
142 304 
143 304 
144 304 
145 304 
146 304 
147 304 
148 304 
149 304 
150 304 
151 304 
152 304 
153 304 
154 305 
155 304 
156 304 
157 304 
158 304 
159 304 
160 304 
161 304 
162 304 
163 304 
164 304 
165 305 
166 304 
167 304 
168 304 
169 304 
170 304 
171 304 
172 305 
173 304 
174 304 
175 304 
176 304 
177 304 
178 304 
179 304 
180 304 
181 304 
182 304 
183 304 
184 304 
185 304 
186 304 
187 304 
188 304 
189 304 
190 304 
191 304 
192 304 
193 304 
194 304 
195 304 
196 304 
197 304 
198 304 
199 304 
200 304 
201 304 
202 304 
203 304 
204 304 
205 304 
206 304 
207 304 
208 304 
209 304 
210 304 
211 304 
212 304 
213 304 
214 304 
215 304 
216 304 
217 304 
218 304 
219 304 
220 304 
221 304 
222 304 
223 304 
224 304 
225 304 
226 304 
227 304 
228 304 
229 304 
230 304 
231 304 
232 304 
233 304 
234 304 
235 304 
236 304 
237 304 
238 304 
239 304 
240 304 
241 304 
242 304 
243 304 
244 304 
245 304 
246 305 
247 304 
248 304 
249 304 
250 304 
251 304 
252 304 
253 304 
254 304 
255 304 
256 304 
257 304 
258 304 
259 304 
260 304 
261 304 
262 304 
263 304 
264 304 
265 304 
266 305 
267 304 
268 304 
269 304 
270 304 
271 304 
272 304 
273 304 
274 304 
275 304 
276 304 
277 304 
278 304 
279 304 
280 304 
281 304 
282 304 
283 304 
284 304 
285 304 
286 304 
287 304 
288 304 
289 304 
290 304 
291 304 
292 304 
293 304 
294 304 
295 304 
296 304 
297 304 
298 304 
299 304 
300 304 
301 304 
302 304 
303 304 
304 304 
305 304 
306 304 
307 304 
308 304 
309 304 
310 304 
311 304 
312 304 
313 304 
314 304 
315 304 
316 305 
317 304 
318 305 
319 304 
320 304 
321 304 
322 304 
323 304 
324 304 
325 304 
326 304 
327 304 
328 304 
329 304 
330 304 
331 304 
332 304 
333 304 
334 304 
335 304 
336 304 
337 304 
338 304 
339 304 
340 304 
341 304 
342 304 
343 304 
344 304 
345 304 
346 304 
347 304 
348 304 
349 304 
350 304 
351 304 
352 304 
353 304 
354 304 
355 304 
356 304 
357 304 
358 304 
359 304 
360 304 
361 304 
362 304 
363 304 
364 304 
365 304 
366 304 
367 304 
368 304 
369 304 
370 304 
371 304 
372 304 
373 304 
374 304 
375 304 
376 304 
377 305 
378 304 
379 304 
380 304 
381 304 
382 304 
383 304 
384 304 
385 304 
386 304 
387 304 
388 304 
389 304 
390 304 
391 304 
392 304 
393 304 
394 304 
395 304 
396 304 
397 304 
398 304 
399 304 
400 304 
401 304 
402 304 
403 304 
404 304 
405 304 
406 304 
407 304 
408 304 
409 305 
410 304 
411 304 
412 304 
413 304 
414 304 
415 304 
416 304 
417 304 
418 304 
419 304 
420 304 
421 304 
422 304 
423 304 
424 304 
425 304 
426 304 
427 304 
428 304 
429 304 
430 304 
431 304 
432 304 
433 304 
434 304 
435 304 
436 304 
437 304 
438 304 
439 304 
440 305 
441 304 
442 304 
443 304 
444 304 
445 304 
446 304 
447 304 
448 304 
449 304 
450 304 
451 304 
452 304 
453 304 
454 304 
455 304 
456 304 
457 304 
458 304 
459 304 
460 304 
461 304 
462 304 
463 305 
464 304 
465 304 
466 304 
467 304 
468 304 
469 304 
470 304 
471 304 
472 304 
473 304 
474 304 
475 304 
476 304 
477 304 
478 304 
479 304 
480 304 
481 304 
482 304 
483 304 
484 304 
485 304 
486 304 
487 304 
488 304 
489 304 
490 304 
491 304 
492 303 
493 304 
494 304 
495 304 
496 304 
497 304 
498 304 
499 304 
500 304 
501 304 
502 304 
503 304 
504 304 
505 304 
506 304 
507 304 
508 304 
509 304 
510 304 
511 304 
512 304 
513 304 
514 304 
515 304 
516 304 
517 304 
518 305 
519 304 
520 304 
521 304 
522 304 
523 304 
524 304 
525 304 
526 304 
527 304 
528 304 
529 304 
530 304 
531 304 
532 304 
533 304 
534 304 
535 304 
536 304 
537 304 
538 304 
539 304 
540 304 
541 304 
542 304 
543 304 
544 304 
545 304 
546 304 
547 304 
548 304 
549 304 
550 304 
551 304 
552 304 
553 304 
554 304 
555 304 
556 304 
557 304 
558 304 
559 304 
560 304 
561 304 
562 304 
563 304 
564 304 
565 304 
566 304 
567 304 
568 304 
569 304 
570 304 
571 304 
572 304 
573 304 
574 304 
575 304 
576 304 
577 304 
578 304 
579 304 
580 305 
581 304 
582 304 
583 304 
584 304 
585 304 
586 304 
587 304 
588 304 
589 304 
590 304 
591 304 
592 304 
593 304 
594 304 
595 304 
596 304 
597 304 
598 304 
599 304 
600 304 
601 304 
602 304 
603 304 
604 304 
605 304 
606 304 
607 304 
608 304 
609 304 
610 304 
611 304 
612 304 
613 304 
614 304 
615 305 
616 304 
617 304 
618 304 
619 304 
620 304 
621 304 
622 304 
623 304 
624 304 
625 304 
626 304 
627 304 
628 304 
629 304 
630 304 
631 304 
632 304 
633 304 
634 304 
635 304 
636 304 
637 304 
638 304 
639 304 
640 304 
641 304 
642 304 
643 304 
644 304 
645 304 
646 304 
647 304 
648 304 
649 304 
650 304 
651 304 
652 304 
653 304 
654 304 
655 304 
656 304 
657 304 
658 304 
659 304 
660 304 
661 304 
662 304 
663 304 
664 304 
665 304 
666 304 
667 304 
668 304 
669 304 
670 304 
671 304 
672 304 
673 304 
674 304 
675 304 
676 304 
677 304 
678 304 
679 304 
680 304 
681 304 
682 304 
683 304 
684 304 
685 304 
686 304 
687 304 
688 304 
689 304 
690 304 
691 304 
692 304 
693 304 
694 304 
695 305 
696 305 
697 304 
698 304 
699 304 
700 304 
701 304 
702 304 
703 304 
704 304 
705 304 
706 304 
707 304 
708 304 
709 304 
710 304 
711 304 
712 304 
713 304 
714 304 
715 304 
716 304 
717 304 
718 304 
719 304 
720 304 
721 304 
722 304 
723 304 
724 304 
725 304 
726 304 
727 304 
728 304 
729 304 
730 304 
731 304 
732 304 
733 304 
734 304 
735 304 
736 304 
737 304 
738 304 
739 304 
740 304 
741 304 
742 304 
743 304 
744 304 
745 304 
746 304 
747 304 
748 304 
749 304 
750 304 
751 304 
752 304 
753 304 
754 304 
755 304 
756 304 
757 304 
758 304 
759 304 
760 304 
761 304 
762 304 
763 304 
764 304 
765 304 
766 304 
767 304 
768 304 
769 304 
770 304 
771 304 
772 304 
773 304 
774 304 
775 304 
776 304 
777 304 
778 304 
779 304 
780 304 
781 304 
782 304 
783 304 
784 304 
785 304 
786 304 
787 304 
788 304 
789 304 
790 304 
791 304 
792 304 
793 304 
794 304 
795 304 
796 304 
797 304 
798 304 
799 304 
800 304 
801 304 
802 304 
803 304 
804 304 
805 304 
806 304 
807 304 
808 304 
809 304 
810 304 
811 304 
812 304 
813 304 
814 304 
815 304 
816 304 
817 304 
818 304 
819 304 
820 304 
821 305 
822 304 
823 304 
824 304 
825 304 
826 304 
827 304 
828 304 
829 304 
830 304 
831 304 
832 304 
833 304 
834 304 
835 304 
836 304 
837 305 
838 304 
839 304 
840 304 
841 304 
842 304 
843 304 
844 304 
845 304 
846 304 
847 304 
848 304 
849 304 
850 304 
851 304 
852 304 
853 304 
854 304 
855 304 
856 304 
857 304 
858 304 
859 304 
860 304 
861 304 
862 305 
863 304 
864 304 
865 304 
866 304 
867 304 
868 304 
869 304 
870 304 
871 304 
872 304 
873 304 
874 304 
875 304 
876 304 
877 304 
878 304 
879 304 
880 304 
881 304 
882 304 
883 304 
884 304 
885 304 
886 304 
887 304 
888 304 
889 304 
890 304 
891 304 
892 304 
893 304 
894 304 
895 304 
896 304 
897 303 
898 304 
899 304 
900 304 
901 305 
902 304 
903 304 
904 304 
905 304 
906 304 
907 304 
908 304 
909 304 
910 304 
911 304 
912 304 
913 304 
914 304 
915 304 
916 304 
917 304 
918 304 
919 304 
920 304 
921 304 
922 304 
923 304 
924 305 
925 304 
926 304 
927 304 
928 304 
929 304 
930 304 
931 304 
932 304 
933 304 
934 304 
935 304 
936 304 
937 304 
938 304 
939 304 
940 304 
941 304 
942 304 
943 304 
944 304 
945 304 
946 304 
947 304 
948 304 
949 304 
950 304 
951 304 
952 304 
953 304 
954 304 
955 304 
956 304 
957 304 
958 304 
959 304 
960 304 
961 304 
962 304 
963 304 
964 304 
965 304 
966 304 
967 304 
968 304 
969 304 
970 304 
971 304 
972 304 
973 304 
974 304 
975 304 
976 304 
977 304 
978 304 
979 304 
980 304 
981 304 
982 304 
983 304 
984 304 
985 304 
986 304 
987 304 
988 304 
989 304 
990 304 
991 304 
992 304 
993 304 
994 304 
995 304 
996 304 
997 304 
998 304 
999 304 
1000 304 
1001 304 
1002 304 
1003 304 
1004 304 
