1 3305 
2 3304 
3 3304 
4 3304 
5 3305 
6 3304 
7 3304 
8 3304 
9 3304 
10 3305 
11 3304 
12 3304 
13 3304 
14 3305 
15 3305 
16 3304 
17 3305 
18 3304 
19 3304 
20 3304 
21 3304 
22 3304 
23 3304 
24 3304 
25 3305 
26 3304 
27 3304 
28 3304 
29 3304 
30 3305 
31 3304 
32 3304 
33 3304 
34 3305 
35 3305 
36 3304 
37 3304 
38 3304 
39 3304 
40 3304 
41 3305 
42 3304 
43 3305 
44 3304 
45 3305 
46 3304 
47 3304 
48 3305 
49 3304 
50 3304 
51 3305 
52 3304 
53 3304 
54 3304 
55 3304 
56 3304 
57 3304 
58 3304 
59 3304 
60 3305 
61 3304 
62 3304 
63 3304 
64 3305 
65 3304 
66 3304 
67 3304 
68 3305 
69 3304 
70 3305 
71 3304 
72 3304 
73 3304 
74 3304 
75 3304 
76 3304 
77 3304 
78 3304 
79 3304 
80 3304 
81 3304 
82 3304 
83 3304 
84 3304 
85 3304 
86 3304 
87 3304 
88 3304 
89 3305 
90 3304 
91 3304 
92 3304 
93 3305 
94 3304 
95 3304 
96 3304 
97 3304 
98 3305 
99 3305 
100 3304 
101 3304 
102 3304 
103 3304 
104 3305 
105 3304 
106 3304 
107 3304 
108 3304 
109 3304 
110 3304 
111 3304 
112 3304 
113 3304 
114 3304 
115 3304 
116 3304 
117 3304 
118 3304 
119 3303 
120 3304 
121 3304 
122 3304 
123 3304 
124 3304 
125 3305 
126 3304 
127 3304 
128 3304 
129 3305 
130 3304 
131 3305 
132 3304 
133 3304 
134 3305 
135 3304 
136 3304 
137 3304 
138 3304 
139 3304 
140 3305 
141 3304 
142 3304 
143 3305 
144 3304 
145 3304 
146 3304 
147 3305 
148 3304 
149 3304 
150 3304 
151 3304 
152 3305 
153 3305 
154 3304 
155 3304 
156 3304 
157 3305 
158 3304 
159 3304 
160 3305 
161 3303 
162 3305 
163 3304 
164 3304 
165 3304 
166 3305 
167 3304 
168 3304 
169 3305 
170 3305 
171 3304 
172 3304 
173 3304 
174 3304 
175 3305 
176 3304 
177 3304 
178 3304 
179 3304 
180 3305 
181 3305 
182 3304 
183 3304 
184 3304 
185 3304 
186 3304 
187 3304 
188 3304 
189 3304 
190 3304 
191 3304 
192 3304 
193 3304 
194 3304 
195 3304 
196 3304 
197 3305 
198 3304 
199 3304 
200 3304 
201 3304 
202 3304 
203 3304 
204 3304 
205 3304 
206 3304 
207 3304 
208 3304 
209 3305 
210 3304 
211 3305 
212 3304 
213 3304 
214 3304 
215 3304 
216 3304 
217 3304 
218 3304 
219 3304 
220 3304 
221 3304 
222 3304 
223 3304 
224 3304 
225 3305 
226 3304 
227 3304 
228 3304 
229 3304 
230 3304 
231 3304 
232 3304 
233 3304 
234 3304 
235 3304 
236 3305 
237 3304 
238 3304 
239 3305 
240 3304 
241 3304 
242 3304 
243 3305 
244 3304 
245 3304 
246 3304 
247 3304 
248 3304 
249 3304 
250 3304 
251 3304 
252 3304 
253 3304 
254 3304 
255 3304 
256 3304 
257 3304 
258 3304 
259 3305 
260 3305 
261 3304 
262 3304 
263 3304 
264 3304 
265 3304 
266 3304 
267 3305 
268 3304 
269 3304 
270 3304 
271 3305 
272 3304 
273 3305 
274 3304 
275 3304 
276 3304 
277 3304 
278 3304 
279 3304 
280 3304 
281 3304 
282 3304 
283 3304 
284 3304 
285 3304 
286 3304 
287 3304 
288 3305 
289 3305 
290 3304 
291 3304 
292 3304 
293 3304 
294 3304 
295 3304 
296 3304 
297 3304 
298 3304 
299 3304 
300 3304 
301 3304 
302 3304 
303 3304 
304 3304 
305 3304 
306 3304 
307 3304 
308 3305 
309 3305 
310 3305 
311 3304 
312 3304 
313 3304 
314 3304 
315 3304 
316 3304 
317 3304 
318 3304 
319 3304 
320 3304 
321 3304 
322 3304 
323 3304 
324 3304 
325 3304 
326 3305 
327 3304 
328 3304 
329 3304 
330 3304 
331 3304 
332 3304 
333 3305 
334 3304 
335 3304 
336 3304 
337 3304 
338 3304 
339 3305 
340 3305 
341 3303 
342 3304 
343 3304 
344 3304 
345 3304 
346 3304 
347 3304 
348 3305 
349 3304 
350 3305 
351 3304 
352 3304 
353 3304 
354 3304 
355 3304 
356 3304 
357 3305 
358 3304 
359 3304 
360 3304 
361 3304 
362 3304 
363 3304 
364 3304 
365 3305 
366 3305 
367 3305 
368 3304 
369 3304 
370 3304 
371 3304 
372 3305 
373 3304 
374 3304 
375 3304 
376 3304 
377 3304 
378 3304 
379 3304 
380 3305 
381 3304 
382 3304 
383 3304 
384 3305 
385 3304 
386 3304 
387 3304 
388 3305 
389 3305 
390 3304 
391 3304 
392 3304 
393 3304 
394 3304 
395 3304 
396 3304 
397 3305 
398 3304 
399 3304 
400 3304 
401 3305 
402 3304 
403 3304 
404 3304 
405 3305 
406 3304 
407 3304 
408 3304 
409 3304 
410 3304 
411 3305 
412 3304 
413 3304 
414 3304 
415 3304 
416 3304 
417 3305 
418 3304 
419 3303 
420 3304 
421 3304 
422 3304 
423 3305 
424 3304 
425 3304 
426 3304 
427 3304 
428 3304 
429 3304 
430 3304 
431 3305 
432 3304 
433 3304 
434 3304 
435 3304 
436 3304 
437 3304 
438 3304 
439 3304 
440 3304 
441 3305 
442 3304 
443 3304 
444 3305 
445 3304 
446 3304 
447 3304 
448 3303 
449 3304 
450 3304 
451 3304 
452 3304 
453 3304 
454 3304 
455 3304 
456 3304 
457 3304 
458 3304 
459 3304 
460 3304 
461 3304 
462 3304 
463 3304 
464 3305 
465 3305 
466 3304 
467 3305 
468 3304 
469 3304 
470 3304 
471 3304 
472 3304 
473 3304 
474 3304 
475 3304 
476 3304 
477 3304 
478 3304 
479 3304 
480 3304 
481 3305 
482 3304 
483 3304 
484 3304 
485 3304 
486 3304 
487 3304 
488 3304 
489 3304 
490 3304 
491 3304 
492 3304 
493 3304 
494 3304 
495 3304 
496 3304 
497 3304 
498 3304 
499 3304 
500 3304 
501 3304 
502 3305 
503 3303 
504 3305 
505 3304 
506 3304 
507 3304 
508 3305 
509 3305 
510 3304 
511 3304 
512 3304 
513 3304 
514 3304 
515 3304 
516 3304 
517 3304 
518 3304 
519 3304 
520 3304 
521 3304 
522 3304 
523 3304 
524 3304 
525 3304 
526 3304 
527 3304 
528 3304 
529 3304 
530 3304 
531 3304 
532 3305 
533 3304 
534 3304 
535 3304 
536 3304 
537 3304 
538 3304 
539 3304 
540 3304 
541 3304 
542 3304 
543 3304 
544 3304 
545 3304 
546 3304 
547 3304 
548 3304 
549 3304 
550 3304 
551 3304 
552 3305 
553 3304 
554 3304 
555 3304 
556 3304 
557 3304 
558 3303 
559 3304 
560 3304 
561 3304 
562 3304 
563 3304 
564 3304 
565 3304 
566 3303 
567 3304 
568 3304 
569 3304 
570 3304 
571 3304 
572 3304 
573 3304 
574 3304 
575 3304 
576 3304 
577 3304 
578 3304 
579 3303 
580 3304 
581 3304 
582 3304 
583 3303 
584 3303 
585 3304 
586 3304 
587 3304 
