1 3428 
2 3428 
3 3428 
4 3428 
5 3428 
6 3428 
7 3428 
8 3429 
9 3428 
10 3428 
11 3428 
12 3428 
13 3428 
14 3428 
15 3428 
16 3428 
17 3428 
18 3428 
19 3428 
20 3428 
21 3428 
22 3428 
23 3428 
24 3428 
25 3428 
26 3428 
27 3428 
28 3428 
29 3428 
30 3428 
31 3428 
32 3428 
33 3427 
34 3427 
35 3428 
36 3428 
37 3428 
38 3428 
39 3428 
40 3428 
41 3428 
42 3428 
43 3428 
44 3428 
45 3428 
46 3428 
47 3428 
48 3428 
49 3428 
50 3428 
51 3428 
52 3429 
53 3428 
54 3428 
55 3428 
56 3428 
57 3428 
58 3428 
59 3428 
60 3428 
61 3428 
62 3428 
63 3428 
64 3428 
65 3428 
66 3428 
67 3428 
68 3429 
69 3428 
70 3428 
71 3428 
72 3428 
73 3428 
74 3428 
75 3428 
76 3428 
77 3428 
78 3428 
79 3428 
80 3428 
81 3428 
82 3428 
83 3428 
84 3427 
85 3428 
86 3428 
87 3428 
88 3428 
89 3428 
90 3428 
91 3428 
92 3428 
93 3428 
94 3428 
95 3428 
96 3428 
97 3428 
98 3428 
99 3428 
100 3428 
101 3428 
102 3428 
103 3428 
104 3428 
105 3428 
106 3427 
107 3428 
108 3428 
109 3428 
110 3428 
111 3428 
112 3428 
113 3428 
114 3427 
115 3428 
116 3427 
117 3428 
118 3428 
119 3428 
120 3428 
121 3428 
122 3428 
123 3428 
124 3428 
125 3428 
126 3428 
127 3429 
128 3427 
129 3427 
130 3427 
131 3428 
132 3428 
133 3428 
134 3428 
135 3428 
136 3428 
137 3428 
138 3428 
139 3429 
140 3428 
141 3428 
142 3428 
143 3428 
144 3428 
145 3427 
146 3429 
147 3428 
148 3428 
149 3428 
150 3427 
151 3428 
152 3428 
153 3429 
154 3429 
155 3428 
156 3428 
157 3428 
158 3428 
159 3428 
160 3428 
161 3428 
162 3428 
163 3428 
164 3427 
165 3428 
166 3428 
167 3428 
168 3428 
169 3428 
170 3428 
171 3428 
172 3428 
173 3428 
174 3428 
175 3428 
176 3428 
177 3427 
178 3427 
179 3428 
180 3428 
181 3428 
182 3428 
183 3428 
184 3427 
185 3427 
186 3428 
187 3427 
188 3427 
189 3427 
190 3428 
191 3428 
192 3428 
193 3428 
194 3428 
195 3428 
196 3428 
197 3428 
198 3428 
199 3428 
200 3428 
201 3428 
202 3428 
203 3428 
204 3428 
205 3428 
206 3428 
207 3427 
208 3428 
209 3427 
210 3428 
211 3428 
212 3428 
213 3429 
214 3428 
215 3429 
216 3427 
217 3428 
218 3428 
219 3428 
220 3428 
221 3427 
222 3428 
223 3428 
224 3428 
225 3427 
226 3428 
227 3428 
228 3427 
229 3427 
230 3428 
231 3428 
232 3428 
233 3428 
234 3428 
235 3427 
236 3428 
237 3428 
238 3428 
239 3427 
240 3428 
241 3428 
242 3428 
243 3427 
244 3428 
245 3428 
246 3428 
247 3427 
248 3428 
249 3427 
250 3428 
251 3428 
252 3428 
253 3428 
254 3427 
255 3428 
256 3428 
257 3428 
258 3428 
259 3427 
260 3428 
261 3428 
262 3427 
263 3428 
264 3427 
265 3428 
266 3428 
267 3428 
268 3428 
269 3428 
270 3428 
271 3427 
272 3428 
273 3428 
274 3428 
275 3428 
276 3428 
277 3428 
278 3428 
279 3428 
280 3428 
281 3428 
282 3428 
283 3427 
284 3428 
285 3427 
286 3427 
287 3428 
288 3427 
289 3428 
290 3428 
291 3428 
292 3428 
293 3428 
294 3428 
295 3428 
296 3428 
297 3428 
298 3428 
299 3428 
300 3428 
301 3427 
302 3428 
303 3428 
304 3428 
305 3427 
306 3428 
307 3428 
308 3428 
309 3429 
310 3427 
311 3428 
312 3428 
313 3428 
314 3428 
315 3428 
316 3428 
317 3428 
318 3428 
319 3428 
320 3428 
321 3428 
322 3427 
323 3428 
324 3427 
325 3428 
326 3428 
327 3427 
328 3428 
329 3428 
330 3427 
331 3428 
332 3428 
333 3428 
334 3428 
335 3428 
336 3428 
337 3428 
338 3427 
339 3428 
340 3428 
341 3428 
342 3427 
343 3427 
344 3428 
345 3428 
346 3427 
347 3428 
348 3428 
349 3428 
350 3428 
351 3428 
352 3428 
353 3428 
354 3427 
355 3428 
356 3428 
357 3427 
358 3428 
359 3428 
360 3428 
361 3428 
362 3427 
363 3428 
364 3428 
365 3428 
366 3427 
367 3428 
368 3428 
369 3427 
370 3428 
371 3428 
372 3427 
373 3428 
374 3428 
375 3428 
376 3427 
377 3428 
378 3428 
379 3428 
380 3427 
381 3427 
382 3428 
383 3428 
384 3428 
385 3427 
386 3427 
387 3428 
388 3427 
389 3427 
390 3428 
391 3427 
392 3428 
393 3428 
394 3428 
395 3428 
396 3427 
397 3428 
398 3428 
399 3427 
400 3428 
401 3428 
402 3428 
403 3428 
404 3428 
405 3427 
406 3427 
407 3427 
408 3428 
409 3427 
410 3428 
411 3427 
412 3428 
413 3428 
414 3428 
415 3428 
416 3427 
417 3428 
418 3428 
419 3428 
420 3427 
421 3428 
422 3427 
423 3428 
424 3428 
425 3428 
426 3427 
427 3428 
428 3427 
429 3428 
430 3428 
431 3428 
432 3428 
433 3428 
434 3428 
435 3427 
436 3428 
437 3428 
438 3427 
439 3428 
440 3428 
441 3428 
442 3427 
443 3428 
444 3428 
445 3428 
446 3428 
447 3428 
448 3428 
449 3427 
450 3427 
451 3428 
452 3428 
453 3428 
454 3428 
455 3427 
456 3428 
457 3428 
458 3428 
459 3428 
460 3427 
461 3428 
462 3427 
463 3427 
464 3427 
465 3428 
466 3428 
467 3427 
468 3428 
469 3428 
470 3427 
471 3428 
472 3428 
473 3427 
474 3428 
475 3428 
476 3427 
477 3428 
478 3428 
479 3427 
480 3427 
481 3428 
482 3428 
483 3427 
484 3427 
485 3428 
486 3427 
487 3428 
488 3428 
489 3427 
490 3428 
491 3428 
492 3428 
493 3427 
494 3428 
495 3428 
496 3428 
497 3428 
498 3428 
499 3427 
500 3428 
501 3427 
502 3427 
503 3428 
504 3428 
505 3427 
506 3427 
507 3427 
508 3427 
509 3428 
510 3428 
511 3428 
512 3427 
513 3427 
514 3428 
515 3428 
516 3428 
517 3428 
518 3427 
519 3428 
520 3427 
521 3428 
522 3427 
523 3428 
524 3428 
525 3428 
526 3427 
527 3427 
528 3428 
529 3428 
530 3428 
531 3428 
532 3428 
533 3427 
534 3428 
535 3427 
536 3427 
537 3428 
538 3427 
539 3428 
540 3427 
541 3427 
542 3428 
543 3428 
544 3428 
545 3428 
546 3427 
547 3427 
548 3427 
549 3428 
550 3427 
551 3427 
552 3428 
553 3427 
554 3428 
555 3428 
556 3427 
557 3428 
558 3427 
559 3427 
560 3428 
561 3428 
562 3427 
563 3427 
564 3428 
565 3427 
566 3427 
567 3427 
568 3427 
569 3427 
570 3427 
571 3428 
572 3428 
573 3427 
574 3428 
575 3427 
576 3427 
577 3427 
578 3428 
579 3427 
580 3427 
581 3427 
582 3427 
583 3427 
584 3428 
585 3427 
586 3428 
587 3428 
588 3427 
589 3428 
590 3428 
591 3428 
592 3427 
593 3427 
594 3427 
595 3427 
596 3427 
597 3428 
598 3428 
599 3427 
600 3428 
601 3427 
602 3428 
603 3428 
604 3427 
605 3427 
606 3428 
607 3427 
608 3427 
609 3427 
610 3427 
611 3427 
612 3428 
613 3427 
614 3428 
615 3427 
616 3427 
617 3427 
618 3427 
619 3427 
620 3428 
621 3428 
622 3427 
623 3428 
624 3427 
625 3427 
626 3427 
627 3427 
628 3428 
629 3427 
630 3427 
631 3428 
632 3427 
633 3427 
634 3427 
635 3427 
636 3427 
637 3428 
638 3427 
639 3427 
640 3428 
641 3427 
642 3427 
643 3428 
644 3428 
645 3428 
646 3427 
647 3428 
648 3427 
649 3427 
650 3427 
651 3427 
652 3428 
653 3428 
654 3427 
655 3427 
656 3427 
657 3427 
658 3428 
659 3427 
660 3427 
661 3427 
662 3427 
663 3427 
664 3427 
665 3428 
666 3427 
667 3427 
668 3427 
669 3428 
670 3428 
671 3428 
672 3428 
673 3427 
674 3427 
675 3427 
676 3427 
677 3427 
678 3427 
679 3427 
680 3427 
681 3428 
682 3428 
683 3427 
684 3427 
685 3427 
686 3427 
687 3427 
688 3427 
689 3427 
690 3427 
691 3427 
692 3427 
693 3427 
694 3427 
695 3427 
696 3427 
697 3427 
698 3427 
699 3427 
700 3427 
701 3427 
702 3427 
703 3427 
704 3427 
705 3427 
706 3427 
707 3428 
708 3427 
709 3427 
710 3427 
711 3428 
712 3427 
713 3427 
714 3427 
715 3427 
716 3427 
717 3427 
718 3428 
719 3427 
720 3427 
721 3427 
722 3427 
723 3428 
724 3427 
725 3427 
726 3427 
727 3427 
728 3428 
729 3427 
730 3426 
731 3427 
732 3428 
733 3428 
734 3427 
735 3427 
736 3427 
737 3427 
738 3427 
739 3427 
740 3427 
741 3427 
742 3427 
743 3427 
744 3428 
745 3427 
746 3427 
747 3428 
748 3427 
749 3426 
750 3428 
751 3427 
752 3428 
753 3427 
754 3428 
755 3427 
756 3427 
757 3427 
758 3427 
759 3427 
760 3428 
761 3428 
762 3427 
763 3428 
764 3427 
765 3427 
766 3427 
767 3427 
768 3428 
769 3428 
770 3427 
771 3427 
772 3427 
773 3427 
774 3427 
775 3427 
776 3427 
777 3427 
778 3427 
779 3428 
780 3428 
781 3427 
782 3427 
783 3427 
784 3427 
785 3427 
786 3427 
787 3428 
788 3427 
789 3427 
790 3427 
791 3427 
792 3428 
793 3427 
794 3427 
795 3427 
796 3427 
797 3428 
798 3428 
799 3428 
800 3427 
801 3427 
802 3428 
803 3427 
804 3427 
805 3427 
806 3427 
807 3427 
808 3427 
809 3427 
810 3428 
811 3427 
812 3427 
813 3427 
814 3427 
815 3427 
816 3427 
817 3427 
818 3428 
819 3427 
820 3427 
821 3427 
822 3427 
823 3427 
824 3427 
825 3427 
826 3428 
827 3427 
828 3427 
829 3427 
830 3427 
831 3427 
832 3428 
833 3427 
834 3428 
835 3427 
836 3427 
837 3427 
838 3427 
839 3427 
840 3427 
841 3428 
842 3427 
843 3427 
844 3427 
845 3427 
846 3427 
847 3427 
848 3427 
849 3427 
850 3428 
851 3427 
852 3427 
853 3427 
854 3427 
855 3427 
856 3428 
857 3427 
858 3427 
859 3427 
860 3427 
861 3428 
862 3427 
863 3428 
864 3427 
865 3427 
866 3427 
867 3427 
868 3427 
869 3428 
870 3427 
871 3427 
872 3427 
873 3427 
874 3427 
875 3427 
876 3428 
877 3428 
878 3427 
879 3427 
880 3427 
881 3428 
882 3427 
883 3427 
884 3427 
885 3427 
886 3427 
887 3427 
888 3427 
889 3427 
890 3427 
891 3427 
892 3427 
893 3427 
894 3427 
895 3427 
896 3427 
897 3427 
898 3427 
899 3427 
900 3427 
901 3427 
902 3427 
903 3428 
904 3427 
905 3427 
906 3427 
907 3427 
908 3427 
909 3427 
910 3428 
911 3428 
912 3427 
913 3427 
