1 3842 
2 3842 
3 3842 
4 3843 
5 3843 
6 3843 
7 3842 
8 3842 
9 3842 
10 3842 
11 3843 
12 3842 
13 3842 
14 3842 
15 3842 
16 3843 
17 3842 
18 3842 
19 3843 
20 3842 
21 3843 
22 3843 
23 3842 
24 3842 
25 3842 
26 3843 
27 3842 
28 3843 
29 3842 
30 3842 
31 3843 
32 3842 
33 3843 
34 3842 
35 3843 
36 3842 
37 3842 
38 3842 
39 3842 
40 3843 
41 3842 
42 3842 
43 3842 
44 3842 
45 3842 
46 3842 
47 3842 
48 3843 
49 3842 
50 3842 
51 3843 
52 3842 
53 3842 
54 3842 
55 3842 
56 3843 
57 3843 
58 3842 
59 3843 
60 3843 
61 3843 
62 3842 
63 3843 
64 3842 
65 3843 
66 3843 
67 3843 
68 3843 
69 3843 
70 3843 
71 3842 
72 3842 
73 3843 
74 3842 
75 3843 
76 3843 
77 3843 
78 3842 
79 3842 
80 3842 
81 3842 
82 3843 
83 3843 
84 3843 
85 3843 
86 3843 
87 3842 
88 3842 
89 3842 
90 3843 
91 3842 
92 3843 
93 3843 
94 3843 
95 3842 
96 3842 
97 3842 
98 3843 
99 3842 
100 3842 
101 3843 
102 3842 
103 3843 
104 3842 
105 3842 
106 3842 
107 3842 
108 3842 
109 3842 
110 3842 
111 3842 
112 3842 
113 3843 
114 3843 
115 3843 
116 3843 
117 3842 
118 3843 
119 3842 
120 3842 
121 3842 
122 3843 
123 3842 
124 3842 
125 3842 
126 3843 
127 3843 
128 3843 
129 3843 
130 3842 
131 3842 
132 3842 
133 3842 
134 3842 
135 3842 
136 3843 
137 3842 
138 3842 
139 3842 
140 3842 
141 3843 
142 3842 
143 3843 
144 3842 
145 3842 
146 3843 
147 3842 
148 3842 
149 3842 
150 3843 
151 3842 
152 3843 
153 3843 
154 3843 
155 3843 
156 3843 
157 3843 
158 3843 
159 3842 
160 3842 
161 3842 
162 3842 
163 3843 
164 3842 
165 3843 
166 3843 
167 3842 
168 3843 
169 3843 
170 3842 
171 3842 
172 3843 
173 3843 
174 3843 
175 3842 
176 3842 
177 3842 
178 3842 
179 3842 
180 3843 
181 3842 
182 3843 
183 3842 
184 3842 
185 3842 
186 3842 
187 3842 
188 3842 
189 3842 
190 3842 
191 3842 
192 3842 
193 3843 
194 3842 
195 3842 
196 3843 
197 3843 
198 3842 
199 3842 
200 3843 
201 3843 
202 3842 
203 3842 
204 3843 
205 3842 
206 3842 
207 3843 
208 3842 
209 3842 
210 3843 
211 3842 
212 3843 
213 3842 
214 3843 
215 3842 
216 3842 
217 3842 
218 3842 
219 3843 
220 3842 
221 3842 
222 3842 
223 3842 
224 3842 
225 3843 
226 3842 
227 3842 
228 3842 
229 3843 
230 3843 
231 3843 
232 3842 
233 3843 
234 3842 
235 3843 
236 3842 
237 3843 
238 3842 
239 3842 
240 3842 
241 3842 
242 3843 
243 3843 
244 3843 
245 3842 
246 3842 
247 3843 
248 3843 
249 3843 
250 3842 
251 3843 
252 3843 
253 3842 
254 3842 
255 3842 
256 3842 
257 3842 
258 3842 
259 3842 
260 3842 
261 3842 
262 3842 
263 3842 
264 3843 
265 3842 
266 3843 
267 3843 
268 3843 
269 3843 
270 3842 
271 3842 
272 3842 
273 3843 
274 3842 
275 3842 
276 3843 
277 3842 
278 3843 
279 3842 
280 3842 
281 3842 
282 3842 
283 3842 
284 3843 
285 3842 
286 3843 
287 3843 
288 3842 
289 3842 
290 3842 
291 3843 
292 3842 
293 3843 
294 3842 
295 3842 
296 3842 
297 3842 
298 3842 
299 3842 
300 3842 
301 3842 
302 3842 
303 3842 
304 3843 
305 3843 
306 3842 
307 3842 
308 3842 
309 3843 
310 3843 
311 3842 
312 3842 
313 3842 
314 3843 
315 3842 
316 3843 
317 3842 
318 3842 
319 3843 
320 3842 
321 3842 
322 3843 
323 3843 
324 3843 
325 3842 
326 3842 
327 3842 
328 3842 
329 3842 
330 3842 
331 3842 
332 3842 
333 3843 
334 3842 
335 3843 
336 3843 
337 3842 
338 3842 
339 3842 
340 3842 
341 3842 
342 3843 
343 3843 
344 3842 
345 3843 
346 3842 
347 3842 
348 3842 
349 3842 
350 3842 
351 3842 
352 3842 
353 3843 
354 3842 
355 3842 
356 3842 
357 3842 
358 3842 
359 3842 
360 3842 
361 3842 
362 3842 
363 3843 
364 3842 
365 3842 
366 3843 
367 3842 
368 3842 
369 3843 
370 3843 
371 3842 
372 3842 
373 3842 
374 3842 
375 3842 
376 3842 
377 3842 
378 3842 
379 3843 
380 3843 
381 3842 
382 3843 
383 3842 
384 3842 
385 3843 
386 3843 
387 3843 
388 3842 
389 3842 
390 3842 
391 3842 
392 3843 
393 3843 
394 3842 
395 3843 
396 3842 
397 3843 
398 3842 
399 3842 
400 3842 
401 3842 
402 3842 
403 3842 
404 3843 
405 3843 
406 3842 
407 3842 
408 3843 
409 3842 
410 3842 
411 3843 
412 3842 
413 3843 
414 3843 
415 3843 
416 3842 
417 3842 
418 3843 
419 3843 
420 3842 
421 3843 
422 3842 
423 3842 
424 3842 
425 3843 
426 3843 
427 3842 
428 3842 
429 3843 
430 3843 
431 3842 
432 3842 
433 3843 
434 3842 
435 3843 
436 3842 
437 3842 
438 3842 
439 3842 
440 3842 
441 3842 
442 3842 
443 3842 
444 3842 
445 3842 
446 3843 
447 3842 
448 3842 
449 3842 
450 3842 
451 3842 
452 3842 
453 3843 
454 3842 
455 3842 
456 3842 
457 3842 
458 3842 
459 3843 
460 3842 
461 3842 
462 3842 
463 3843 
464 3842 
465 3843 
466 3843 
467 3842 
468 3842 
469 3843 
470 3843 
471 3843 
472 3843 
473 3842 
474 3842 
475 3842 
476 3843 
477 3842 
478 3842 
479 3843 
480 3843 
481 3842 
482 3843 
483 3842 
484 3842 
485 3842 
486 3843 
487 3842 
488 3842 
489 3842 
490 3842 
491 3843 
492 3843 
493 3842 
494 3842 
495 3843 
496 3842 
497 3842 
498 3842 
499 3843 
500 3842 
501 3842 
502 3843 
503 3842 
504 3842 
505 3842 
506 3842 
507 3843 
508 3842 
509 3842 
510 3842 
511 3842 
512 3843 
513 3843 
514 3843 
515 3842 
516 3842 
517 3843 
518 3842 
519 3842 
520 3842 
521 3842 
522 3843 
523 3843 
524 3843 
525 3842 
526 3842 
527 3843 
528 3843 
529 3843 
530 3843 
531 3843 
532 3842 
533 3842 
534 3843 
535 3843 
536 3842 
537 3842 
538 3842 
539 3842 
540 3843 
541 3843 
542 3843 
543 3843 
544 3842 
545 3842 
546 3842 
547 3843 
548 3843 
549 3842 
550 3842 
551 3842 
552 3842 
553 3842 
554 3843 
555 3843 
556 3843 
557 3842 
558 3843 
559 3842 
560 3842 
561 3842 
562 3843 
563 3843 
564 3843 
565 3842 
566 3843 
567 3842 
568 3843 
569 3842 
570 3842 
571 3843 
572 3842 
573 3842 
574 3843 
575 3842 
576 3842 
577 3842 
578 3842 
579 3843 
580 3842 
581 3843 
582 3842 
583 3842 
584 3842 
585 3843 
586 3842 
587 3842 
588 3842 
589 3842 
590 3843 
591 3842 
592 3843 
593 3843 
594 3842 
595 3842 
596 3842 
597 3842 
598 3843 
599 3842 
600 3842 
601 3842 
602 3842 
603 3842 
604 3841 
605 3843 
606 3842 
607 3842 
608 3842 
609 3843 
610 3842 
611 3843 
612 3842 
613 3843 
614 3842 
615 3843 
616 3842 
617 3842 
618 3843 
619 3842 
620 3842 
621 3842 
622 3842 
623 3843 
624 3842 
625 3842 
626 3843 
627 3843 
628 3842 
629 3843 
630 3843 
631 3842 
632 3842 
633 3842 
634 3843 
635 3842 
636 3843 
637 3843 
638 3842 
639 3842 
640 3843 
641 3842 
642 3842 
643 3842 
644 3842 
645 3842 
646 3842 
647 3842 
648 3842 
649 3842 
650 3842 
651 3842 
652 3842 
653 3842 
654 3842 
655 3842 
656 3843 
657 3842 
658 3842 
659 3842 
660 3842 
661 3842 
662 3842 
663 3842 
664 3842 
665 3842 
666 3842 
667 3843 
668 3843 
669 3842 
670 3842 
671 3842 
672 3843 
673 3843 
674 3843 
675 3842 
676 3842 
677 3843 
678 3843 
679 3842 
680 3842 
681 3842 
682 3843 
683 3842 
684 3843 
685 3843 
686 3842 
687 3843 
688 3842 
689 3842 
690 3842 
691 3842 
692 3843 
693 3842 
694 3843 
695 3843 
696 3842 
697 3842 
698 3842 
699 3842 
700 3842 
701 3842 
702 3843 
703 3842 
704 3843 
705 3842 
706 3843 
707 3842 
708 3842 
709 3842 
710 3842 
711 3842 
712 3842 
713 3843 
714 3842 
715 3842 
716 3842 
717 3843 
718 3842 
719 3842 
720 3842 
721 3842 
722 3842 
723 3842 
724 3843 
725 3843 
726 3842 
727 3842 
728 3843 
729 3842 
730 3842 
731 3843 
732 3842 
733 3842 
734 3842 
735 3843 
736 3842 
737 3842 
738 3843 
739 3842 
740 3843 
741 3843 
742 3843 
743 3842 
744 3842 
745 3842 
746 3842 
747 3843 
748 3842 
749 3842 
750 3842 
751 3842 
752 3843 
753 3842 
754 3842 
755 3842 
756 3843 
757 3843 
758 3843 
759 3842 
760 3842 
761 3842 
762 3842 
763 3842 
764 3842 
765 3843 
766 3843 
767 3842 
768 3842 
769 3843 
770 3842 
771 3842 
772 3843 
773 3842 
774 3842 
775 3842 
776 3843 
777 3843 
778 3842 
779 3842 
780 3843 
781 3842 
782 3842 
783 3842 
784 3842 
785 3843 
786 3843 
787 3842 
788 3842 
789 3842 
790 3843 
791 3842 
792 3842 
793 3843 
794 3842 
795 3842 
796 3842 
797 3842 
798 3842 
799 3842 
800 3842 
801 3842 
802 3842 
803 3842 
804 3843 
805 3842 
806 3842 
807 3842 
808 3842 
809 3842 
810 3843 
811 3842 
812 3842 
813 3842 
814 3842 
815 3843 
816 3843 
817 3842 
818 3842 
819 3842 
820 3842 
821 3842 
822 3842 
823 3843 
824 3842 
825 3842 
826 3842 
827 3843 
828 3842 
829 3842 
830 3843 
831 3842 
832 3842 
833 3843 
834 3843 
835 3842 
836 3843 
837 3842 
838 3842 
839 3842 
840 3842 
841 3843 
842 3842 
843 3843 
844 3843 
845 3842 
846 3842 
847 3842 
848 3842 
849 3842 
850 3843 
851 3843 
852 3843 
853 3843 
854 3842 
855 3843 
856 3842 
857 3843 
858 3842 
859 3842 
860 3842 
861 3843 
862 3842 
863 3843 
864 3842 
865 3843 
866 3842 
867 3842 
868 3842 
869 3842 
870 3842 
871 3842 
872 3843 
873 3842 
874 3842 
875 3842 
876 3842 
877 3842 
878 3842 
879 3842 
880 3842 
881 3843 
882 3842 
883 3842 
884 3842 
885 3842 
886 3843 
887 3842 
888 3842 
889 3842 
890 3842 
891 3842 
892 3843 
893 3843 
894 3843 
895 3842 
896 3842 
897 3843 
898 3842 
899 3843 
900 3842 
901 3842 
902 3842 
903 3842 
904 3842 
905 3842 
906 3843 
907 3842 
908 3842 
909 3843 
910 3842 
911 3843 
912 3842 
913 3843 
914 3843 
915 3843 
916 3842 
917 3842 
918 3843 
919 3842 
920 3842 
921 3842 
922 3843 
923 3843 
924 3842 
925 3842 
926 3842 
927 3842 
928 3842 
929 3843 
930 3842 
931 3842 
932 3842 
933 3842 
934 3843 
935 3842 
936 3842 
937 3842 
938 3842 
939 3842 
940 3842 
941 3842 
942 3842 
943 3843 
944 3842 
945 3842 
946 3843 
947 3843 
948 3843 
949 3843 
950 3843 
951 3843 
952 3842 
953 3842 
954 3842 
955 3843 
956 3842 
957 3842 
958 3843 
959 3842 
960 3842 
961 3842 
962 3842 
963 3842 
964 3843 
965 3842 
966 3843 
967 3842 
968 3842 
969 3843 
970 3842 
971 3842 
972 3842 
973 3842 
974 3842 
975 3842 
976 3842 
977 3842 
978 3842 
979 3842 
980 3843 
981 3842 
982 3842 
983 3842 
984 3843 
985 3843 
986 3843 
987 3842 
988 3843 
989 3842 
990 3842 
991 3842 
992 3842 
993 3842 
994 3842 
995 3842 
996 3843 
997 3843 
998 3843 
999 3843 
1000 3842 
1001 3842 
1002 3842 
1003 3842 
1004 3842 
1005 3843 
1006 3842 
1007 3842 
1008 3842 
1009 3842 
1010 3842 
1011 3842 
1012 3843 
1013 3842 
1014 3842 
1015 3843 
1016 3843 
1017 3842 
1018 3842 
1019 3842 
1020 3842 
1021 3842 
1022 3842 
1023 3843 
1024 3842 
1025 3842 
1026 3842 
1027 3842 
1028 3842 
1029 3842 
1030 3842 
1031 3842 
1032 3842 
1033 3842 
1034 3843 
1035 3843 
1036 3842 
1037 3843 
1038 3842 
1039 3842 
1040 3842 
1041 3842 
1042 3843 
1043 3842 
1044 3843 
1045 3842 
1046 3842 
1047 3842 
1048 3842 
1049 3842 
1050 3842 
1051 3842 
1052 3842 
1053 3842 
1054 3842 
1055 3843 
1056 3843 
1057 3842 
1058 3842 
1059 3842 
1060 3842 
1061 3842 
1062 3842 
1063 3842 
1064 3842 
1065 3842 
1066 3842 
1067 3842 
1068 3842 
1069 3842 
1070 3842 
1071 3843 
1072 3842 
1073 3842 
1074 3842 
1075 3842 
1076 3842 
1077 3842 
1078 3842 
1079 3842 
1080 3842 
1081 3842 
1082 3842 
1083 3842 
1084 3843 
1085 3842 
1086 3842 
1087 3842 
1088 3842 
1089 3842 
1090 3843 
1091 3842 
1092 3842 
1093 3842 
1094 3842 
1095 3842 
1096 3843 
1097 3842 
1098 3842 
1099 3842 
1100 3842 
1101 3842 
1102 3842 
1103 3842 
1104 3842 
1105 3843 
1106 3842 
1107 3843 
1108 3843 
1109 3842 
1110 3842 
1111 3843 
1112 3842 
1113 3842 
1114 3842 
1115 3842 
1116 3842 
1117 3842 
1118 3842 
1119 3842 
1120 3842 
1121 3842 
1122 3842 
1123 3842 
1124 3842 
1125 3842 
1126 3842 
1127 3842 
1128 3842 
1129 3842 
1130 3843 
1131 3842 
1132 3842 
1133 3842 
1134 3842 
1135 3843 
1136 3843 
1137 3842 
1138 3842 
1139 3842 
1140 3843 
1141 3842 
1142 3843 
1143 3842 
1144 3842 
1145 3842 
1146 3842 
1147 3843 
1148 3842 
1149 3842 
1150 3842 
1151 3842 
1152 3842 
1153 3842 
1154 3842 
1155 3842 
1156 3842 
1157 3842 
1158 3842 
1159 3842 
1160 3842 
1161 3842 
1162 3843 
1163 3842 
1164 3842 
1165 3843 
1166 3842 
1167 3842 
1168 3842 
1169 3842 
1170 3842 
1171 3842 
1172 3842 
1173 3842 
1174 3842 
1175 3842 
1176 3842 
1177 3842 
1178 3842 
1179 3842 
1180 3842 
1181 3842 
1182 3842 
1183 3842 
1184 3842 
1185 3842 
1186 3842 
1187 3842 
1188 3842 
1189 3842 
1190 3842 
1191 3841 
1192 3842 
1193 3842 
1194 3842 
1195 3842 
1196 3842 
1197 3842 
1198 3842 
1199 3842 
1200 3842 
1201 3842 
1202 3842 
1203 3842 
1204 3842 
1205 3843 
1206 3842 
1207 3842 
1208 3842 
1209 3842 
1210 3843 
1211 3842 
1212 3842 
1213 3842 
1214 3842 
1215 3841 
1216 3842 
1217 3842 
1218 3841 
1219 3842 
1220 3842 
1221 3842 
1222 3842 
1223 3842 
1224 3842 
1225 3841 
1226 3842 
1227 3842 
1228 3842 
1229 3842 
1230 3843 
1231 3842 
1232 3843 
1233 3842 
1234 3843 
1235 3842 
1236 3842 
1237 3842 
1238 3842 
1239 3842 
1240 3843 
1241 3842 
1242 3842 
1243 3842 
1244 3842 
1245 3842 
1246 3843 
1247 3842 
1248 3842 
1249 3842 
1250 3843 
1251 3842 
1252 3842 
1253 3843 
1254 3842 
1255 3843 
1256 3843 
1257 3843 
1258 3843 
1259 3842 
1260 3842 
1261 3843 
1262 3842 
1263 3842 
1264 3843 
1265 3842 
1266 3842 
1267 3843 
1268 3842 
1269 3842 
1270 3842 
1271 3842 
1272 3842 
1273 3842 
1274 3842 
1275 3842 
1276 3842 
1277 3843 
1278 3842 
1279 3842 
1280 3842 
1281 3842 
1282 3842 
1283 3842 
1284 3842 
1285 3842 
1286 3842 
1287 3842 
1288 3842 
1289 3842 
1290 3842 
1291 3842 
1292 3842 
1293 3842 
1294 3842 
1295 3842 
1296 3842 
1297 3842 
1298 3842 
1299 3842 
1300 3843 
1301 3842 
1302 3842 
1303 3842 
1304 3842 
1305 3842 
1306 3843 
1307 3842 
1308 3842 
1309 3842 
1310 3842 
1311 3842 
1312 3842 
1313 3842 
1314 3842 
1315 3842 
1316 3842 
1317 3842 
1318 3842 
1319 3843 
1320 3842 
1321 3842 
1322 3843 
1323 3842 
1324 3842 
1325 3843 
1326 3842 
1327 3842 
1328 3842 
1329 3843 
1330 3842 
1331 3843 
1332 3842 
1333 3842 
1334 3842 
1335 3842 
1336 3842 
1337 3842 
1338 3842 
1339 3842 
1340 3842 
1341 3842 
1342 3842 
1343 3842 
1344 3842 
1345 3842 
1346 3842 
1347 3842 
1348 3842 
1349 3843 
1350 3843 
1351 3842 
1352 3843 
1353 3842 
1354 3842 
1355 3843 
1356 3842 
1357 3842 
1358 3842 
1359 3842 
1360 3842 
1361 3842 
1362 3842 
1363 3842 
1364 3842 
1365 3842 
1366 3842 
1367 3842 
1368 3842 
1369 3842 
1370 3842 
1371 3842 
1372 3842 
1373 3841 
1374 3842 
1375 3842 
1376 3842 
1377 3842 
1378 3842 
1379 3842 
1380 3841 
1381 3842 
1382 3842 
1383 3842 
1384 3842 
1385 3843 
1386 3842 
1387 3843 
1388 3842 
1389 3842 
1390 3842 
1391 3843 
1392 3842 
1393 3842 
1394 3842 
1395 3842 
1396 3842 
1397 3842 
1398 3842 
1399 3842 
1400 3842 
1401 3842 
1402 3843 
1403 3842 
1404 3842 
1405 3842 
1406 3842 
1407 3841 
1408 3842 
1409 3841 
1410 3842 
1411 3842 
1412 3842 
1413 3842 
1414 3842 
1415 3842 
1416 3843 
1417 3842 
1418 3842 
1419 3843 
1420 3842 
1421 3842 
1422 3842 
1423 3842 
1424 3842 
1425 3842 
1426 3842 
1427 3842 
1428 3842 
1429 3843 
1430 3842 
1431 3842 
1432 3842 
1433 3842 
1434 3842 
1435 3842 
1436 3842 
1437 3843 
1438 3842 
1439 3842 
1440 3842 
1441 3843 
1442 3842 
1443 3843 
1444 3842 
1445 3842 
1446 3842 
1447 3842 
1448 3842 
1449 3842 
1450 3842 
1451 3842 
1452 3842 
1453 3842 
1454 3842 
1455 3842 
1456 3842 
1457 3842 
1458 3842 
1459 3842 
1460 3842 
1461 3842 
1462 3843 
1463 3843 
1464 3842 
1465 3843 
1466 3842 
1467 3842 
1468 3842 
1469 3842 
1470 3842 
1471 3842 
1472 3843 
1473 3842 
1474 3842 
1475 3842 
1476 3842 
1477 3842 
1478 3842 
1479 3843 
1480 3842 
1481 3841 
1482 3842 
1483 3841 
1484 3842 
1485 3842 
1486 3842 
1487 3842 
1488 3842 
1489 3842 
1490 3842 
1491 3842 
1492 3842 
1493 3842 
1494 3842 
1495 3842 
1496 3842 
1497 3842 
1498 3842 
1499 3842 
1500 3842 
1501 3842 
1502 3842 
1503 3842 
1504 3842 
1505 3842 
1506 3842 
1507 3842 
1508 3843 
1509 3843 
1510 3842 
1511 3842 
1512 3842 
1513 3842 
1514 3842 
1515 3843 
1516 3842 
1517 3842 
1518 3842 
1519 3842 
1520 3842 
1521 3842 
1522 3842 
1523 3842 
1524 3842 
1525 3842 
1526 3842 
1527 3842 
1528 3842 
1529 3842 
1530 3842 
1531 3841 
1532 3842 
1533 3842 
1534 3842 
1535 3842 
1536 3842 
1537 3843 
1538 3842 
1539 3842 
1540 3842 
1541 3842 
1542 3842 
1543 3842 
1544 3842 
1545 3843 
1546 3842 
1547 3842 
1548 3842 
1549 3842 
1550 3842 
1551 3842 
1552 3841 
1553 3842 
1554 3842 
1555 3842 
1556 3843 
1557 3842 
1558 3842 
1559 3842 
1560 3843 
1561 3842 
1562 3842 
1563 3842 
1564 3843 
1565 3842 
1566 3842 
1567 3842 
1568 3842 
1569 3842 
1570 3842 
1571 3842 
1572 3842 
1573 3842 
1574 3843 
1575 3842 
1576 3843 
1577 3842 
1578 3843 
1579 3842 
1580 3841 
1581 3842 
1582 3842 
1583 3842 
1584 3842 
1585 3843 
1586 3842 
1587 3842 
1588 3842 
1589 3842 
1590 3842 
1591 3842 
1592 3842 
1593 3842 
1594 3842 
1595 3842 
1596 3842 
1597 3843 
1598 3842 
1599 3842 
1600 3843 
1601 3842 
1602 3842 
1603 3842 
1604 3842 
1605 3842 
1606 3842 
1607 3842 
1608 3843 
1609 3842 
1610 3842 
1611 3842 
1612 3842 
1613 3842 
1614 3842 
1615 3842 
1616 3842 
1617 3842 
1618 3843 
1619 3842 
1620 3842 
1621 3842 
1622 3842 
1623 3842 
1624 3842 
1625 3842 
1626 3842 
1627 3843 
1628 3842 
1629 3842 
1630 3842 
1631 3842 
1632 3842 
1633 3842 
1634 3842 
1635 3842 
1636 3842 
1637 3842 
1638 3843 
1639 3842 
1640 3842 
1641 3842 
1642 3842 
1643 3843 
1644 3842 
1645 3842 
1646 3841 
1647 3842 
1648 3842 
1649 3842 
1650 3843 
1651 3842 
1652 3842 
1653 3843 
1654 3842 
1655 3842 
1656 3842 
1657 3842 
1658 3841 
1659 3842 
1660 3842 
1661 3842 
1662 3842 
1663 3842 
1664 3842 
1665 3842 
1666 3842 
1667 3842 
1668 3842 
1669 3842 
1670 3842 
1671 3842 
1672 3842 
1673 3842 
1674 3842 
1675 3842 
1676 3842 
1677 3842 
1678 3842 
1679 3842 
1680 3843 
1681 3842 
1682 3842 
1683 3842 
1684 3842 
1685 3842 
1686 3842 
1687 3842 
1688 3842 
1689 3842 
1690 3842 
1691 3842 
1692 3842 
1693 3842 
1694 3842 
1695 3842 
1696 3842 
1697 3842 
1698 3843 
1699 3842 
1700 3842 
1701 3842 
1702 3842 
1703 3842 
1704 3842 
1705 3842 
1706 3842 
1707 3841 
1708 3842 
1709 3843 
1710 3842 
1711 3842 
1712 3842 
1713 3842 
1714 3842 
1715 3841 
1716 3842 
1717 3842 
1718 3842 
1719 3842 
1720 3842 
1721 3842 
1722 3842 
1723 3842 
1724 3842 
1725 3842 
1726 3842 
1727 3841 
1728 3842 
1729 3841 
1730 3842 
1731 3842 
1732 3842 
1733 3842 
1734 3841 
1735 3842 
1736 3842 
1737 3842 
1738 3842 
1739 3842 
1740 3842 
1741 3842 
1742 3842 
1743 3843 
1744 3842 
1745 3843 
1746 3842 
1747 3843 
1748 3843 
1749 3842 
1750 3842 
1751 3842 
1752 3842 
1753 3842 
1754 3842 
1755 3842 
1756 3842 
1757 3842 
1758 3842 
1759 3842 
1760 3842 
1761 3842 
1762 3841 
1763 3842 
1764 3842 
1765 3842 
1766 3842 
1767 3842 
1768 3842 
1769 3842 
1770 3842 
1771 3843 
1772 3842 
1773 3842 
1774 3842 
1775 3842 
1776 3842 
1777 3842 
1778 3842 
1779 3842 
1780 3842 
1781 3842 
1782 3842 
1783 3842 
1784 3842 
1785 3842 
1786 3842 
1787 3842 
1788 3841 
1789 3842 
1790 3842 
1791 3842 
1792 3842 
1793 3842 
1794 3841 
1795 3842 
1796 3842 
1797 3841 
1798 3842 
1799 3841 
1800 3842 
1801 3842 
1802 3841 
1803 3841 
1804 3842 
1805 3843 
1806 3842 
1807 3842 
1808 3842 
1809 3842 
1810 3841 
1811 3842 
1812 3841 
1813 3842 
1814 3842 
1815 3842 
1816 3842 
1817 3842 
1818 3842 
1819 3842 
1820 3842 
1821 3842 
1822 3842 
1823 3842 
1824 3842 
1825 3842 
1826 3843 
1827 3842 
1828 3842 
1829 3842 
1830 3842 
1831 3842 
1832 3842 
1833 3842 
1834 3842 
1835 3843 
1836 3842 
1837 3842 
1838 3842 
1839 3842 
1840 3842 
1841 3842 
1842 3842 
1843 3842 
1844 3842 
1845 3842 
1846 3842 
1847 3842 
1848 3842 
1849 3841 
1850 3842 
1851 3842 
1852 3841 
1853 3842 
1854 3842 
1855 3842 
1856 3842 
1857 3842 
1858 3842 
1859 3842 
1860 3842 
1861 3842 
1862 3842 
1863 3842 
1864 3842 
1865 3842 
1866 3842 
1867 3842 
1868 3842 
1869 3842 
1870 3842 
1871 3842 
1872 3842 
1873 3842 
1874 3842 
1875 3842 
1876 3842 
1877 3842 
1878 3842 
1879 3842 
1880 3842 
1881 3842 
1882 3841 
1883 3841 
1884 3842 
1885 3842 
1886 3842 
1887 3842 
1888 3842 
1889 3842 
1890 3842 
1891 3842 
1892 3842 
1893 3842 
1894 3842 
1895 3843 
1896 3842 
1897 3842 
1898 3842 
1899 3842 
1900 3842 
1901 3842 
1902 3842 
1903 3842 
1904 3841 
1905 3842 
1906 3842 
1907 3843 
1908 3842 
1909 3842 
1910 3842 
1911 3842 
1912 3841 
1913 3843 
1914 3842 
1915 3842 
1916 3842 
1917 3842 
1918 3842 
1919 3842 
1920 3841 
1921 3842 
1922 3842 
1923 3842 
1924 3841 
1925 3841 
1926 3842 
1927 3843 
1928 3841 
1929 3842 
1930 3842 
1931 3842 
1932 3842 
1933 3842 
1934 3842 
1935 3842 
1936 3842 
1937 3842 
1938 3842 
1939 3842 
1940 3842 
1941 3841 
1942 3842 
1943 3842 
1944 3842 
1945 3842 
1946 3842 
1947 3841 
1948 3842 
1949 3842 
1950 3842 
1951 3842 
1952 3842 
1953 3842 
1954 3843 
1955 3842 
1956 3842 
1957 3841 
1958 3842 
1959 3842 
1960 3842 
1961 3841 
1962 3842 
1963 3842 
1964 3843 
1965 3842 
1966 3842 
1967 3842 
1968 3842 
1969 3842 
1970 3841 
1971 3842 
1972 3842 
1973 3842 
1974 3842 
1975 3841 
1976 3842 
1977 3842 
1978 3842 
1979 3841 
1980 3842 
1981 3842 
1982 3841 
1983 3841 
1984 3842 
1985 3842 
1986 3842 
1987 3841 
1988 3842 
1989 3842 
1990 3842 
1991 3842 
1992 3841 
1993 3842 
1994 3842 
1995 3842 
1996 3841 
1997 3842 
1998 3841 
1999 3842 
2000 3842 
2001 3841 
2002 3842 
2003 3842 
2004 3841 
2005 3842 
2006 3842 
2007 3842 
2008 3842 
2009 3842 
2010 3842 
2011 3842 
2012 3841 
2013 3842 
2014 3842 
2015 3842 
2016 3841 
2017 3842 
2018 3842 
2019 3843 
2020 3842 
2021 3842 
2022 3842 
2023 3842 
2024 3842 
2025 3842 
2026 3842 
2027 3842 
2028 3842 
2029 3842 
2030 3843 
2031 3842 
2032 3841 
2033 3842 
2034 3842 
2035 3842 
2036 3843 
2037 3841 
2038 3841 
2039 3842 
2040 3841 
2041 3842 
2042 3842 
2043 3842 
2044 3842 
2045 3841 
2046 3841 
2047 3842 
2048 3843 
2049 3842 
2050 3842 
2051 3842 
2052 3842 
2053 3841 
2054 3841 
2055 3842 
2056 3842 
2057 3842 
2058 3842 
2059 3842 
2060 3842 
2061 3842 
2062 3842 
2063 3841 
2064 3843 
2065 3842 
2066 3842 
2067 3842 
2068 3842 
2069 3842 
2070 3842 
2071 3842 
2072 3842 
2073 3841 
2074 3842 
2075 3841 
2076 3842 
2077 3842 
2078 3842 
2079 3842 
2080 3842 
2081 3842 
2082 3842 
2083 3842 
2084 3842 
2085 3842 
2086 3842 
2087 3841 
2088 3842 
2089 3842 
2090 3841 
2091 3842 
2092 3842 
2093 3842 
2094 3842 
2095 3842 
2096 3841 
2097 3842 
2098 3842 
2099 3842 
2100 3842 
2101 3842 
2102 3842 
2103 3842 
2104 3841 
2105 3842 
2106 3842 
2107 3842 
2108 3842 
2109 3842 
2110 3841 
2111 3841 
2112 3841 
2113 3842 
2114 3842 
2115 3842 
2116 3842 
2117 3841 
2118 3842 
2119 3842 
2120 3842 
2121 3842 
2122 3842 
2123 3842 
2124 3842 
2125 3842 
2126 3842 
2127 3842 
2128 3842 
2129 3842 
2130 3841 
2131 3841 
2132 3842 
2133 3842 
2134 3842 
2135 3841 
2136 3841 
2137 3842 
2138 3841 
2139 3842 
2140 3841 
2141 3841 
2142 3842 
2143 3842 
2144 3842 
2145 3842 
2146 3841 
2147 3842 
2148 3842 
2149 3842 
2150 3842 
2151 3842 
2152 3842 
2153 3842 
2154 3842 
2155 3842 
2156 3842 
2157 3842 
2158 3841 
2159 3841 
2160 3842 
2161 3842 
2162 3841 
2163 3842 
2164 3842 
2165 3841 
2166 3841 
2167 3842 
2168 3842 
2169 3841 
2170 3841 
2171 3842 
2172 3841 
2173 3841 
2174 3842 
2175 3841 
2176 3842 
2177 3842 
2178 3842 
2179 3842 
2180 3841 
2181 3842 
2182 3843 
2183 3842 
2184 3842 
2185 3842 
2186 3841 
2187 3842 
2188 3841 
2189 3841 
2190 3841 
2191 3842 
2192 3842 
2193 3842 
2194 3842 
2195 3842 
2196 3841 
2197 3841 
2198 3842 
2199 3842 
2200 3842 
2201 3842 
2202 3842 
2203 3842 
2204 3842 
2205 3842 
2206 3842 
2207 3842 
2208 3842 
2209 3842 
2210 3842 
2211 3841 
2212 3842 
2213 3842 
2214 3842 
2215 3842 
2216 3842 
2217 3841 
2218 3842 
2219 3842 
2220 3841 
2221 3842 
2222 3842 
2223 3841 
2224 3841 
2225 3842 
2226 3841 
2227 3842 
2228 3841 
2229 3842 
2230 3842 
2231 3842 
2232 3842 
2233 3842 
2234 3842 
2235 3841 
2236 3841 
2237 3842 
2238 3842 
2239 3842 
2240 3842 
2241 3842 
2242 3842 
2243 3842 
2244 3841 
2245 3842 
2246 3841 
2247 3842 
2248 3842 
2249 3842 
2250 3842 
2251 3842 
2252 3842 
2253 3842 
2254 3841 
2255 3843 
2256 3842 
2257 3841 
2258 3841 
2259 3841 
2260 3842 
2261 3842 
2262 3842 
2263 3842 
2264 3842 
2265 3841 
2266 3842 
2267 3842 
2268 3841 
2269 3842 
2270 3842 
2271 3842 
2272 3842 
2273 3841 
2274 3842 
2275 3842 
2276 3842 
2277 3842 
2278 3843 
2279 3842 
2280 3842 
2281 3842 
2282 3841 
2283 3841 
2284 3841 
2285 3842 
2286 3841 
2287 3842 
2288 3842 
2289 3842 
2290 3842 
2291 3842 
2292 3841 
2293 3842 
2294 3842 
2295 3841 
2296 3841 
2297 3842 
2298 3841 
2299 3842 
2300 3842 
2301 3842 
2302 3842 
2303 3841 
2304 3841 
2305 3842 
2306 3842 
2307 3842 
2308 3842 
2309 3842 
2310 3841 
2311 3842 
2312 3842 
2313 3841 
2314 3842 
2315 3841 
2316 3842 
2317 3841 
2318 3841 
2319 3841 
2320 3842 
2321 3842 
2322 3842 
2323 3842 
2324 3842 
2325 3841 
2326 3841 
2327 3842 
2328 3842 
2329 3842 
2330 3841 
2331 3842 
2332 3842 
2333 3841 
2334 3842 
2335 3842 
2336 3842 
2337 3842 
2338 3841 
2339 3842 
2340 3842 
2341 3842 
2342 3842 
2343 3842 
2344 3842 
2345 3842 
2346 3842 
2347 3842 
2348 3842 
2349 3842 
2350 3842 
2351 3841 
2352 3841 
2353 3842 
2354 3842 
2355 3842 
2356 3842 
2357 3841 
2358 3841 
2359 3841 
2360 3841 
2361 3841 
2362 3842 
2363 3842 
2364 3842 
2365 3842 
2366 3841 
2367 3842 
2368 3842 
2369 3842 
2370 3842 
2371 3841 
2372 3841 
2373 3842 
2374 3841 
2375 3842 
2376 3842 
2377 3842 
2378 3842 
2379 3842 
2380 3841 
2381 3841 
2382 3842 
2383 3842 
2384 3842 
2385 3842 
2386 3842 
2387 3842 
2388 3842 
2389 3842 
2390 3842 
2391 3842 
2392 3841 
2393 3842 
2394 3842 
2395 3841 
2396 3842 
2397 3842 
2398 3842 
2399 3841 
2400 3842 
2401 3841 
2402 3841 
2403 3842 
2404 3842 
2405 3841 
2406 3841 
2407 3842 
2408 3842 
2409 3842 
2410 3841 
2411 3841 
2412 3842 
2413 3841 
2414 3842 
2415 3842 
2416 3842 
2417 3842 
2418 3841 
2419 3842 
2420 3841 
2421 3841 
2422 3841 
2423 3841 
2424 3842 
2425 3842 
2426 3842 
2427 3842 
2428 3842 
2429 3842 
2430 3841 
2431 3841 
2432 3842 
2433 3842 
2434 3842 
2435 3842 
2436 3842 
2437 3842 
2438 3841 
2439 3841 
2440 3842 
2441 3841 
2442 3841 
2443 3842 
2444 3842 
2445 3842 
2446 3841 
2447 3842 
2448 3842 
2449 3842 
2450 3842 
2451 3842 
2452 3841 
2453 3842 
2454 3841 
2455 3842 
2456 3842 
2457 3841 
2458 3842 
2459 3841 
2460 3841 
2461 3842 
2462 3842 
2463 3842 
2464 3842 
2465 3842 
2466 3842 
2467 3842 
2468 3842 
2469 3842 
2470 3842 
2471 3842 
2472 3842 
2473 3841 
2474 3842 
2475 3841 
2476 3841 
2477 3842 
2478 3841 
2479 3842 
2480 3841 
2481 3842 
2482 3842 
2483 3841 
2484 3841 
2485 3842 
2486 3841 
2487 3842 
2488 3842 
2489 3842 
2490 3842 
2491 3842 
2492 3841 
2493 3841 
2494 3842 
2495 3841 
2496 3841 
2497 3842 
2498 3841 
2499 3842 
2500 3842 
2501 3841 
2502 3841 
2503 3842 
2504 3842 
2505 3841 
2506 3842 
2507 3842 
2508 3841 
2509 3842 
2510 3842 
2511 3841 
2512 3841 
2513 3842 
2514 3842 
2515 3842 
2516 3841 
2517 3842 
2518 3842 
2519 3842 
2520 3842 
2521 3841 
2522 3841 
2523 3842 
2524 3842 
2525 3841 
2526 3841 
2527 3841 
2528 3842 
2529 3842 
2530 3841 
2531 3842 
2532 3843 
2533 3842 
2534 3842 
2535 3842 
2536 3841 
2537 3841 
2538 3842 
2539 3841 
2540 3842 
2541 3840 
2542 3841 
2543 3842 
2544 3841 
2545 3841 
2546 3842 
2547 3842 
2548 3841 
2549 3841 
2550 3842 
2551 3842 
2552 3842 
2553 3841 
2554 3842 
2555 3841 
2556 3842 
2557 3841 
2558 3841 
2559 3842 
2560 3841 
2561 3841 
2562 3841 
2563 3842 
2564 3841 
2565 3841 
2566 3842 
2567 3841 
2568 3841 
2569 3842 
2570 3841 
2571 3841 
2572 3842 
2573 3841 
2574 3842 
2575 3841 
2576 3841 
2577 3841 
2578 3841 
2579 3842 
2580 3841 
2581 3841 
2582 3841 
2583 3841 
2584 3842 
2585 3841 
2586 3842 
2587 3841 
2588 3841 
2589 3841 
2590 3841 
2591 3841 
2592 3842 
2593 3842 
2594 3842 
2595 3842 
2596 3841 
2597 3842 
2598 3841 
2599 3842 
2600 3841 
2601 3841 
2602 3842 
2603 3841 
2604 3842 
2605 3841 
2606 3842 
2607 3841 
2608 3842 
2609 3841 
2610 3842 
2611 3842 
2612 3842 
2613 3841 
2614 3841 
2615 3841 
2616 3841 
2617 3842 
2618 3842 
2619 3842 
2620 3842 
2621 3841 
2622 3841 
2623 3842 
2624 3841 
2625 3841 
2626 3842 
2627 3842 
2628 3842 
2629 3841 
2630 3841 
2631 3841 
2632 3841 
2633 3841 
2634 3842 
2635 3841 
2636 3841 
2637 3842 
2638 3842 
2639 3841 
2640 3841 
2641 3842 
2642 3842 
2643 3841 
2644 3841 
2645 3842 
2646 3841 
2647 3842 
2648 3841 
2649 3841 
2650 3842 
2651 3841 
2652 3842 
2653 3842 
2654 3841 
2655 3842 
2656 3842 
2657 3841 
2658 3841 
2659 3841 
2660 3841 
2661 3842 
2662 3841 
