1 450 
2 450 
3 449 
4 449 
5 450 
6 450 
7 450 
8 450 
9 450 
10 450 
11 450 
12 450 
13 450 
14 450 
15 450 
16 450 
17 450 
18 449 
19 449 
20 450 
21 450 
22 450 
23 450 
24 450 
25 450 
26 449 
27 450 
28 450 
29 450 
30 450 
31 449 
32 449 
33 450 
34 450 
35 450 
36 450 
37 450 
38 450 
39 450 
40 450 
41 449 
42 450 
43 450 
44 449 
45 450 
46 450 
47 450 
48 450 
49 450 
50 450 
51 450 
52 450 
53 450 
54 450 
55 449 
56 449 
57 450 
58 449 
59 450 
60 450 
61 450 
62 450 
63 450 
64 450 
65 449 
66 450 
67 450 
68 450 
69 450 
70 450 
71 450 
72 450 
73 449 
74 450 
75 449 
76 449 
77 450 
78 450 
79 450 
80 450 
81 449 
82 450 
83 450 
84 450 
85 450 
86 450 
87 450 
88 450 
89 450 
90 450 
91 450 
92 450 
93 450 
94 450 
95 450 
96 450 
97 449 
98 450 
99 450 
100 449 
101 450 
102 450 
103 450 
104 449 
105 450 
106 450 
107 450 
108 449 
109 450 
110 449 
111 450 
112 450 
113 450 
114 450 
115 450 
116 450 
117 449 
118 450 
119 450 
120 449 
121 450 
122 450 
123 450 
124 450 
125 450 
126 450 
127 450 
128 450 
129 450 
130 450 
131 449 
132 450 
133 450 
134 450 
135 450 
136 450 
137 450 
138 450 
139 450 
140 449 
141 450 
142 450 
143 449 
144 450 
145 450 
146 450 
147 450 
148 449 
149 449 
150 450 
151 449 
152 450 
153 449 
154 450 
155 450 
156 449 
157 450 
158 450 
159 449 
160 450 
161 450 
162 450 
163 450 
164 449 
165 450 
166 450 
167 449 
168 450 
169 450 
170 450 
171 449 
172 450 
173 449 
174 449 
175 450 
176 450 
177 450 
178 450 
179 449 
180 450 
181 450 
182 449 
183 450 
184 450 
185 450 
186 450 
187 449 
188 449 
189 450 
190 450 
191 450 
192 450 
193 450 
194 449 
195 450 
196 450 
197 450 
198 450 
199 450 
200 450 
201 449 
202 450 
203 449 
204 450 
205 450 
206 450 
207 451 
208 450 
209 450 
210 450 
211 449 
212 449 
213 450 
214 450 
215 450 
216 450 
217 450 
218 450 
219 450 
220 449 
221 450 
222 450 
223 449 
224 450 
225 450 
226 450 
227 450 
228 449 
229 449 
230 450 
231 450 
232 450 
233 450 
234 450 
235 449 
236 449 
237 450 
238 450 
239 450 
240 450 
241 449 
242 450 
243 450 
244 450 
245 449 
246 450 
247 450 
248 450 
249 450 
250 449 
251 449 
252 450 
253 450 
254 450 
255 450 
256 450 
257 449 
258 450 
259 450 
260 450 
261 450 
262 450 
263 450 
264 450 
265 449 
266 450 
267 449 
268 449 
269 450 
270 450 
271 450 
272 450 
273 450 
274 449 
275 450 
276 450 
277 450 
278 450 
279 450 
280 449 
281 449 
282 450 
283 450 
284 450 
285 450 
286 450 
287 450 
288 450 
289 449 
290 450 
291 450 
292 450 
293 450 
294 450 
295 450 
296 449 
297 450 
298 450 
299 450 
300 450 
301 450 
302 450 
303 450 
304 449 
305 449 
306 450 
307 450 
308 450 
309 450 
310 450 
311 450 
312 450 
313 450 
314 450 
315 450 
316 450 
317 450 
318 449 
319 450 
320 450 
321 450 
322 450 
323 450 
324 450 
325 450 
326 449 
327 450 
328 449 
329 450 
330 450 
331 450 
332 450 
333 450 
334 450 
335 450 
336 449 
337 449 
338 449 
339 449 
340 450 
341 450 
342 449 
343 450 
344 450 
345 449 
346 450 
347 450 
348 450 
349 450 
350 449 
351 450 
352 449 
353 450 
354 449 
355 450 
356 450 
357 450 
358 450 
359 450 
360 449 
361 450 
362 449 
363 450 
364 450 
365 450 
366 450 
367 450 
368 449 
369 450 
370 449 
371 449 
372 450 
373 450 
374 449 
375 450 
376 450 
377 450 
378 450 
379 450 
380 450 
381 450 
382 450 
383 450 
384 450 
385 450 
386 450 
387 449 
388 450 
389 450 
390 450 
391 450 
392 450 
393 450 
394 450 
395 450 
396 450 
397 450 
398 450 
399 450 
400 450 
401 450 
402 450 
403 450 
404 450 
405 449 
406 450 
407 450 
408 450 
409 449 
410 450 
411 450 
412 450 
413 450 
414 449 
415 449 
416 450 
417 450 
418 450 
419 450 
420 450 
421 449 
422 449 
423 449 
424 450 
425 450 
426 449 
427 450 
428 450 
429 450 
430 449 
431 450 
432 450 
433 450 
434 450 
435 450 
436 450 
437 449 
438 449 
439 450 
440 450 
441 450 
442 450 
443 450 
444 450 
445 450 
446 450 
447 449 
448 449 
449 450 
450 450 
451 449 
452 449 
453 450 
454 449 
455 450 
456 449 
457 450 
458 450 
459 450 
460 450 
461 449 
462 450 
463 449 
464 450 
465 450 
466 450 
467 450 
468 450 
469 449 
470 449 
471 449 
472 450 
473 450 
474 450 
475 450 
476 450 
477 450 
478 450 
479 450 
480 449 
481 449 
482 450 
483 450 
484 450 
485 450 
486 450 
487 450 
488 450 
489 450 
490 450 
491 450 
492 450 
493 450 
494 449 
495 450 
496 449 
497 450 
498 450 
499 450 
500 450 
501 449 
502 450 
503 450 
504 449 
505 450 
506 449 
507 449 
508 450 
509 450 
510 450 
511 450 
512 450 
513 450 
514 450 
515 449 
516 450 
517 450 
518 450 
519 450 
520 449 
521 450 
522 449 
523 449 
524 450 
525 450 
526 450 
527 450 
528 450 
529 450 
530 450 
531 449 
532 450 
533 450 
534 450 
535 450 
536 450 
537 450 
538 450 
539 450 
540 450 
541 449 
542 449 
543 450 
544 450 
545 450 
546 450 
547 449 
548 449 
549 449 
550 450 
551 450 
552 450 
553 450 
554 450 
555 450 
556 449 
557 449 
558 450 
559 450 
560 450 
