1 713 
2 714 
3 713 
4 714 
5 714 
6 714 
7 714 
8 714 
9 714 
10 714 
11 714 
12 714 
13 714 
14 714 
15 714 
16 714 
17 714 
18 714 
19 714 
20 714 
21 714 
22 714 
23 714 
24 714 
25 713 
26 714 
27 714 
28 714 
29 714 
30 714 
31 714 
32 714 
33 714 
34 714 
35 714 
36 714 
37 714 
38 714 
39 714 
40 714 
41 714 
42 714 
43 714 
44 714 
45 714 
46 714 
47 714 
48 714 
49 714 
50 714 
51 714 
52 714 
53 714 
54 714 
55 714 
56 714 
57 714 
58 714 
59 714 
60 714 
61 714 
62 713 
63 713 
64 713 
65 714 
66 714 
67 714 
68 714 
69 714 
70 714 
71 714 
72 714 
73 714 
74 714 
75 714 
76 714 
77 714 
78 714 
79 714 
80 714 
81 714 
82 714 
83 714 
84 714 
85 714 
86 714 
87 714 
88 714 
89 714 
90 714 
91 714 
92 714 
93 714 
94 714 
95 714 
96 714 
97 714 
98 714 
99 714 
100 714 
101 714 
102 714 
103 714 
104 714 
105 714 
106 714 
107 714 
108 714 
109 714 
110 714 
111 714 
112 714 
113 714 
114 714 
115 714 
116 714 
117 713 
118 714 
119 714 
120 714 
121 714 
122 714 
123 714 
124 714 
125 713 
126 713 
127 715 
128 714 
129 714 
130 714 
131 714 
132 713 
133 714 
134 714 
135 714 
136 714 
137 714 
138 714 
139 714 
140 713 
141 714 
142 714 
143 714 
144 714 
145 714 
146 714 
147 714 
148 714 
149 714 
150 714 
151 714 
152 714 
153 714 
154 714 
155 714 
156 714 
157 714 
158 714 
159 714 
160 714 
161 714 
162 714 
163 714 
164 714 
165 714 
166 714 
167 714 
168 714 
169 714 
170 714 
171 715 
172 714 
173 714 
174 714 
175 714 
176 714 
177 714 
178 714 
179 714 
180 714 
181 714 
182 714 
183 714 
184 714 
185 714 
186 714 
187 715 
188 714 
189 713 
190 714 
191 714 
192 714 
193 715 
194 714 
195 714 
196 714 
197 714 
198 714 
199 714 
200 714 
201 714 
202 714 
203 713 
204 713 
205 714 
206 714 
207 714 
208 714 
209 714 
210 714 
211 713 
212 714 
213 714 
214 714 
215 714 
216 713 
217 714 
218 714 
219 714 
220 714 
221 714 
222 714 
223 714 
224 714 
225 714 
226 714 
227 714 
228 714 
229 714 
230 714 
231 714 
232 714 
233 714 
234 714 
235 714 
236 715 
237 714 
238 714 
239 714 
240 714 
241 714 
242 714 
243 714 
244 714 
245 714 
246 714 
247 714 
248 714 
249 714 
250 714 
251 714 
252 714 
253 714 
254 714 
255 714 
256 713 
257 714 
258 714 
259 714 
260 714 
261 714 
262 714 
263 714 
264 713 
265 714 
266 714 
267 714 
268 714 
269 715 
270 714 
271 714 
272 714 
273 714 
274 713 
275 714 
276 714 
277 714 
278 714 
279 713 
280 713 
281 713 
282 713 
283 714 
284 714 
285 714 
286 714 
287 714 
288 714 
289 714 
290 713 
291 714 
292 715 
293 714 
294 714 
295 714 
296 714 
297 714 
298 714 
299 714 
300 714 
301 714 
302 714 
303 714 
304 714 
305 714 
306 714 
307 714 
308 714 
309 714 
310 714 
311 714 
312 714 
313 714 
314 714 
315 714 
316 713 
317 714 
318 714 
319 713 
320 714 
321 714 
322 714 
323 714 
324 714 
325 714 
326 714 
327 714 
328 714 
329 714 
330 714 
331 714 
332 714 
333 713 
334 714 
335 714 
336 713 
337 714 
338 714 
339 714 
340 714 
341 714 
342 714 
343 714 
344 714 
345 715 
346 714 
347 714 
348 714 
349 714 
350 714 
351 713 
352 714 
353 714 
354 713 
355 714 
356 714 
357 713 
358 714 
359 714 
360 714 
361 714 
362 714 
363 714 
364 714 
365 714 
366 713 
367 713 
368 714 
369 714 
370 714 
371 715 
372 714 
373 713 
374 714 
375 714 
376 715 
377 714 
378 714 
379 714 
380 714 
381 713 
382 714 
383 714 
384 714 
385 715 
386 714 
387 714 
388 714 
389 714 
390 714 
391 714 
392 714 
393 714 
394 714 
395 714 
396 714 
397 714 
398 714 
399 714 
400 714 
401 714 
402 714 
403 714 
404 714 
405 713 
406 714 
407 714 
408 714 
409 715 
410 713 
411 714 
412 713 
413 714 
414 714 
415 714 
416 714 
417 714 
418 714 
419 714 
420 714 
421 714 
422 714 
423 714 
424 714 
425 714 
426 713 
427 714 
428 713 
429 714 
430 714 
431 714 
432 714 
433 714 
434 714 
435 714 
436 714 
437 714 
438 714 
439 714 
440 714 
441 714 
442 714 
443 714 
444 713 
445 714 
446 714 
447 714 
448 714 
449 713 
450 714 
451 713 
452 714 
453 714 
454 714 
455 714 
456 714 
457 714 
458 714 
459 714 
460 714 
461 714 
462 714 
463 714 
464 714 
465 714 
466 714 
467 714 
468 714 
469 714 
470 714 
471 713 
472 714 
473 713 
474 714 
475 714 
476 714 
477 715 
478 713 
479 714 
480 714 
481 714 
482 714 
483 714 
484 714 
485 714 
486 713 
487 714 
488 714 
489 714 
490 714 
491 714 
492 714 
493 714 
494 714 
495 714 
496 714 
497 714 
498 714 
499 714 
500 714 
501 715 
502 714 
503 714 
504 714 
505 713 
506 714 
507 713 
508 714 
509 714 
510 714 
511 714 
512 713 
513 714 
514 714 
515 714 
516 713 
517 714 
518 714 
519 714 
520 714 
521 714 
522 714 
523 714 
524 714 
525 714 
526 714 
527 714 
528 714 
529 714 
530 714 
531 714 
532 714 
533 714 
534 715 
535 713 
536 714 
537 714 
538 714 
539 714 
540 714 
541 714 
542 714 
543 714 
544 714 
545 714 
546 714 
547 714 
548 713 
549 714 
550 714 
551 714 
552 714 
553 714 
554 714 
555 714 
556 714 
557 714 
558 714 
559 714 
560 714 
561 714 
562 714 
563 714 
564 714 
565 714 
566 714 
567 714 
568 714 
569 713 
570 714 
571 714 
572 714 
573 714 
574 714 
575 714 
576 714 
577 714 
578 714 
579 714 
580 714 
581 714 
582 714 
583 714 
584 714 
585 713 
586 714 
587 714 
588 714 
589 714 
590 714 
591 714 
592 714 
593 714 
594 713 
595 714 
596 714 
597 714 
598 714 
599 714 
600 714 
601 714 
602 714 
603 714 
604 714 
605 714 
606 713 
607 714 
608 714 
609 714 
610 714 
611 714 
612 714 
613 715 
614 714 
615 714 
616 714 
617 714 
618 714 
619 714 
620 714 
621 714 
622 714 
623 714 
624 714 
625 714 
626 714 
627 714 
628 714 
629 714 
630 714 
631 715 
632 714 
633 714 
634 714 
635 714 
636 714 
637 713 
638 714 
639 714 
640 714 
641 714 
642 714 
643 714 
644 714 
645 714 
646 714 
647 713 
648 714 
649 714 
650 714 
651 714 
652 714 
653 714 
654 714 
655 713 
656 714 
657 714 
658 714 
659 714 
660 714 
661 713 
662 714 
663 714 
664 714 
665 714 
666 714 
667 714 
668 714 
669 714 
670 714 
671 714 
672 714 
673 713 
674 714 
675 714 
676 715 
677 714 
678 714 
679 714 
680 714 
681 714 
682 714 
683 714 
684 714 
685 714 
686 713 
687 714 
688 714 
689 714 
690 714 
691 714 
692 713 
693 714 
694 714 
695 714 
696 714 
697 714 
698 714 
699 714 
700 714 
701 714 
702 714 
703 714 
704 714 
705 714 
706 714 
707 714 
708 714 
709 714 
710 713 
711 714 
712 714 
713 714 
714 714 
715 714 
716 714 
717 714 
718 713 
719 714 
720 714 
721 714 
722 713 
723 713 
724 714 
725 714 
726 714 
727 714 
728 714 
729 714 
730 714 
731 714 
732 713 
733 714 
734 714 
735 713 
736 714 
737 714 
738 715 
739 713 
740 713 
741 714 
742 713 
743 714 
744 714 
745 713 
746 714 
747 714 
748 714 
749 714 
750 714 
751 714 
752 714 
753 714 
754 714 
755 713 
756 714 
757 714 
758 714 
759 714 
760 714 
761 714 
762 714 
763 713 
764 714 
765 714 
766 714 
767 714 
768 714 
769 714 
770 714 
771 714 
772 713 
773 713 
774 714 
775 714 
776 714 
777 714 
778 714 
779 713 
780 714 
781 714 
782 714 
783 714 
784 713 
785 713 
786 714 
787 713 
788 714 
789 714 
790 714 
791 714 
792 714 
793 714 
794 714 
795 714 
796 713 
797 714 
798 714 
799 714 
800 714 
801 713 
802 715 
803 714 
804 714 
805 714 
806 713 
807 714 
808 714 
809 714 
810 713 
811 713 
812 714 
813 714 
814 714 
815 714 
816 714 
817 714 
818 714 
819 714 
820 714 
821 714 
822 714 
823 714 
824 714 
825 714 
826 714 
827 713 
828 714 
829 714 
830 714 
831 714 
832 714 
833 714 
834 714 
