1 914 
2 914 
3 914 
4 914 
5 914 
6 914 
7 914 
8 914 
9 914 
10 914 
11 915 
12 914 
13 913 
14 914 
15 914 
16 914 
17 914 
18 914 
19 914 
20 914 
21 914 
22 914 
23 914 
24 914 
25 914 
26 914 
27 914 
28 914 
29 914 
30 914 
31 913 
32 914 
33 914 
34 914 
35 914 
36 915 
37 914 
38 914 
39 913 
40 914 
41 914 
42 914 
43 914 
44 914 
45 914 
46 914 
47 914 
48 914 
49 914 
50 914 
51 914 
52 914 
53 914 
54 914 
55 914 
56 914 
57 914 
58 914 
59 914 
60 914 
61 913 
62 914 
63 914 
64 914 
65 914 
66 914 
67 915 
68 914 
69 914 
70 914 
71 914 
72 914 
73 914 
74 914 
75 914 
76 914 
77 913 
78 914 
79 914 
80 914 
81 914 
82 914 
83 914 
84 914 
85 914 
86 914 
87 914 
88 914 
89 914 
90 914 
91 914 
92 914 
93 913 
94 914 
95 914 
96 914 
97 914 
98 914 
99 914 
100 914 
101 914 
102 914 
103 914 
104 914 
105 914 
106 914 
107 913 
108 914 
109 914 
110 914 
111 913 
112 914 
113 914 
114 915 
115 914 
116 914 
117 913 
118 914 
119 914 
120 914 
121 914 
122 914 
123 914 
124 914 
125 914 
126 914 
127 914 
128 914 
129 914 
130 914 
131 913 
132 913 
133 914 
134 914 
135 914 
136 914 
137 914 
138 914 
139 914 
140 914 
141 915 
142 914 
143 914 
144 913 
145 914 
146 914 
147 914 
148 914 
149 914 
150 914 
151 914 
152 914 
153 914 
154 914 
155 914 
156 914 
157 914 
158 914 
159 914 
160 914 
161 914 
162 914 
163 914 
164 914 
165 914 
166 914 
167 914 
168 914 
169 914 
170 914 
171 913 
172 914 
173 913 
174 914 
175 913 
176 914 
177 913 
178 914 
179 914 
180 914 
181 914 
182 914 
183 914 
184 914 
185 914 
186 914 
187 914 
188 914 
189 914 
190 914 
191 914 
192 914 
193 914 
194 913 
195 914 
196 914 
197 914 
198 914 
199 914 
200 914 
201 913 
202 914 
203 914 
204 914 
205 914 
206 914 
207 914 
208 914 
209 914 
210 914 
211 914 
212 914 
213 914 
214 914 
215 913 
216 914 
217 914 
218 914 
219 914 
220 915 
221 914 
222 914 
223 914 
224 914 
225 914 
226 914 
227 915 
228 914 
229 914 
230 914 
231 914 
232 914 
233 914 
234 914 
235 914 
236 914 
237 915 
238 914 
239 914 
240 914 
241 914 
242 914 
243 914 
244 914 
245 914 
246 914 
247 914 
248 914 
249 914 
250 914 
251 914 
252 914 
253 914 
254 914 
255 914 
256 914 
257 914 
258 914 
259 914 
260 914 
261 913 
262 914 
263 914 
264 914 
265 914 
266 914 
267 914 
268 914 
269 914 
270 914 
271 914 
272 914 
273 913 
274 914 
275 914 
276 914 
277 914 
278 914 
279 914 
280 914 
281 914 
282 914 
283 914 
284 914 
285 914 
286 914 
287 914 
288 914 
289 914 
290 914 
291 914 
292 914 
293 914 
294 913 
295 914 
296 914 
297 914 
298 914 
299 914 
300 914 
301 914 
302 913 
303 914 
304 914 
305 914 
306 914 
307 914 
308 914 
309 914 
310 914 
311 914 
312 913 
313 914 
314 914 
315 914 
316 914 
317 914 
318 914 
319 914 
320 914 
321 914 
322 914 
323 914 
324 914 
325 914 
326 914 
327 914 
328 914 
329 914 
330 914 
331 914 
332 913 
333 914 
334 914 
335 914 
336 915 
337 914 
338 914 
339 913 
340 913 
341 914 
342 914 
343 914 
344 914 
345 914 
346 913 
347 915 
348 914 
349 914 
350 914 
351 914 
352 914 
353 914 
354 914 
355 913 
356 914 
357 914 
358 914 
359 914 
360 914 
361 914 
362 914 
363 913 
364 913 
365 915 
366 914 
367 914 
368 914 
369 914 
370 914 
371 914 
372 914 
373 914 
374 914 
375 914 
376 914 
377 914 
378 914 
379 914 
380 914 
381 914 
382 914 
383 914 
384 914 
385 914 
386 914 
387 914 
388 914 
389 914 
390 914 
391 914 
392 914 
393 914 
394 914 
395 914 
396 914 
397 914 
398 914 
399 914 
400 914 
401 914 
402 914 
403 914 
404 914 
405 914 
406 914 
407 914 
408 914 
409 914 
410 914 
411 914 
412 914 
413 914 
414 914 
415 914 
416 914 
417 914 
418 914 
419 914 
420 914 
421 914 
422 914 
423 914 
424 914 
425 914 
426 914 
427 914 
428 914 
429 914 
430 914 
431 915 
432 914 
433 914 
434 914 
435 914 
436 914 
437 914 
438 914 
439 914 
440 914 
441 914 
442 914 
443 913 
444 914 
445 914 
446 913 
447 914 
448 914 
449 914 
450 914 
451 914 
452 914 
453 914 
454 914 
455 914 
456 914 
457 914 
458 914 
459 914 
460 914 
461 914 
462 913 
463 914 
464 913 
465 913 
466 914 
467 914 
468 914 
469 914 
470 914 
471 913 
472 913 
473 913 
474 914 
475 913 
476 914 
477 914 
478 914 
479 913 
480 914 
481 914 
482 914 
483 914 
484 914 
485 914 
486 914 
487 914 
488 914 
489 913 
490 914 
491 914 
492 914 
493 914 
494 914 
495 914 
496 914 
497 913 
498 914 
499 914 
500 914 
501 914 
502 914 
503 914 
504 913 
505 914 
506 914 
507 914 
508 914 
509 914 
510 914 
511 913 
512 914 
513 914 
514 914 
515 913 
516 914 
517 914 
518 914 
519 914 
520 914 
521 914 
522 914 
523 914 
524 914 
525 914 
526 913 
527 914 
528 914 
529 914 
530 914 
531 914 
532 914 
533 914 
534 914 
535 914 
536 914 
537 914 
538 914 
539 914 
540 914 
541 914 
542 914 
543 914 
544 913 
545 915 
546 914 
547 914 
548 914 
549 914 
550 914 
551 913 
552 914 
553 914 
554 914 
555 914 
556 914 
557 914 
558 914 
559 914 
560 914 
561 914 
562 914 
563 914 
564 914 
565 914 
566 913 
567 915 
568 913 
569 914 
570 914 
571 914 
572 914 
573 914 
574 913 
575 914 
576 914 
577 913 
578 914 
579 914 
580 914 
581 914 
582 914 
583 914 
584 914 
585 914 
586 914 
587 914 
588 913 
589 914 
590 914 
591 914 
592 914 
593 914 
594 914 
595 914 
596 914 
597 914 
598 914 
599 914 
600 913 
601 914 
602 914 
603 914 
604 914 
605 913 
606 914 
607 914 
608 914 
609 914 
610 914 
611 913 
612 914 
613 914 
614 913 
615 914 
616 914 
617 914 
618 914 
619 914 
620 914 
621 913 
622 914 
623 914 
624 914 
625 913 
626 914 
627 914 
628 914 
629 914 
630 914 
631 914 
632 914 
633 914 
634 914 
635 914 
636 914 
637 914 
638 914 
639 913 
640 914 
641 914 
642 914 
643 914 
644 914 
645 914 
646 914 
647 914 
648 914 
649 914 
650 914 
651 914 
652 914 
653 914 
654 914 
655 914 
656 914 
657 914 
658 913 
659 913 
660 913 
661 914 
662 914 
663 914 
664 914 
665 914 
666 914 
667 914 
668 914 
669 914 
670 914 
671 914 
672 914 
673 913 
674 913 
675 914 
676 914 
677 914 
678 914 
679 914 
680 914 
681 914 
682 914 
683 914 
684 914 
685 914 
686 914 
687 914 
688 914 
689 913 
690 914 
691 913 
692 914 
693 914 
694 914 
695 914 
696 914 
697 914 
698 914 
699 914 
700 914 
701 913 
702 914 
703 915 
