1 974 
2 974 
3 973 
4 973 
5 973 
6 973 
7 973 
8 974 
9 973 
10 974 
11 974 
12 973 
13 973 
14 974 
15 973 
16 973 
17 973 
18 973 
19 974 
20 973 
21 973 
22 973 
23 974 
24 973 
25 973 
26 973 
27 973 
28 973 
29 973 
30 973 
31 973 
32 973 
33 973 
34 973 
35 973 
36 973 
37 973 
38 973 
39 973 
40 974 
41 973 
42 973 
43 973 
44 974 
45 974 
46 974 
47 973 
48 974 
49 974 
50 973 
51 973 
52 974 
53 973 
54 973 
55 973 
56 973 
57 973 
58 973 
59 973 
60 974 
61 974 
62 973 
63 973 
64 973 
65 973 
66 974 
67 974 
68 974 
69 973 
70 973 
71 974 
72 973 
73 973 
74 973 
75 973 
76 974 
77 973 
78 974 
79 974 
80 973 
81 974 
82 973 
83 973 
84 973 
85 974 
86 973 
87 973 
88 974 
89 974 
90 973 
91 973 
92 973 
93 973 
94 973 
95 973 
96 973 
97 973 
98 973 
99 974 
100 974 
101 973 
102 973 
103 973 
104 973 
105 973 
106 973 
107 974 
108 973 
109 973 
110 974 
111 973 
112 973 
113 973 
114 973 
115 973 
116 974 
117 974 
118 974 
119 974 
120 973 
121 974 
122 973 
123 973 
124 973 
125 973 
126 974 
127 974 
128 974 
129 973 
130 973 
131 973 
132 973 
133 973 
134 973 
135 974 
136 973 
137 973 
138 974 
139 973 
140 974 
141 973 
142 973 
143 974 
144 973 
145 974 
146 973 
147 973 
148 974 
149 973 
150 974 
151 973 
152 973 
153 974 
154 973 
155 973 
156 973 
157 973 
158 974 
159 974 
160 973 
161 973 
162 973 
163 973 
164 973 
165 973 
166 974 
167 974 
168 973 
169 973 
170 973 
171 973 
172 973 
173 973 
174 973 
175 973 
176 973 
177 973 
178 973 
179 973 
180 973 
181 974 
182 973 
183 973 
184 973 
185 973 
186 974 
187 973 
188 973 
189 973 
190 973 
191 973 
192 974 
193 973 
194 973 
195 973 
196 974 
197 974 
198 973 
199 973 
200 973 
201 974 
202 973 
203 973 
204 974 
205 974 
206 974 
207 974 
208 974 
209 973 
210 973 
211 974 
212 973 
213 974 
214 973 
215 973 
216 973 
217 974 
218 973 
219 973 
220 974 
221 973 
222 974 
223 973 
224 973 
225 973 
226 973 
227 973 
228 973 
229 973 
230 974 
231 973 
232 973 
233 973 
234 973 
235 974 
236 973 
237 973 
238 974 
239 973 
240 973 
241 974 
242 973 
243 974 
244 974 
245 974 
246 973 
247 973 
248 973 
249 973 
250 973 
251 974 
252 974 
253 974 
254 973 
255 973 
256 973 
257 973 
258 973 
259 974 
260 974 
261 974 
262 973 
263 973 
264 973 
265 973 
266 973 
267 973 
268 973 
269 973 
270 973 
271 973 
272 973 
273 973 
274 973 
275 973 
276 973 
277 973 
278 973 
279 973 
280 973 
281 973 
282 973 
283 974 
284 973 
285 973 
286 974 
287 973 
288 973 
289 974 
290 973 
291 973 
292 973 
293 973 
294 973 
295 973 
296 973 
297 973 
298 973 
299 973 
300 973 
301 973 
302 974 
303 973 
304 974 
305 974 
306 973 
307 973 
308 973 
309 973 
310 973 
311 973 
312 974 
313 973 
314 973 
315 973 
316 973 
317 973 
318 973 
319 973 
320 973 
321 973 
322 973 
323 973 
324 973 
325 973 
326 973 
327 973 
328 973 
329 974 
330 973 
331 974 
332 973 
333 973 
334 973 
335 973 
336 973 
337 973 
338 973 
339 973 
340 973 
341 974 
342 973 
343 973 
344 973 
345 973 
346 973 
347 974 
348 974 
349 973 
350 974 
351 973 
352 974 
353 973 
354 973 
355 974 
356 973 
357 973 
358 974 
359 973 
360 973 
361 973 
362 973 
363 973 
364 973 
365 974 
366 974 
367 973 
368 973 
369 973 
370 973 
371 973 
372 973 
373 973 
374 973 
375 973 
376 973 
377 973 
378 974 
379 973 
380 973 
381 973 
382 974 
383 973 
384 973 
385 974 
386 973 
387 973 
388 973 
389 973 
390 973 
391 973 
392 973 
393 973 
394 973 
395 973 
396 973 
397 973 
398 974 
399 974 
400 973 
401 973 
402 973 
403 973 
404 973 
405 974 
406 973 
407 973 
408 974 
409 973 
410 973 
411 973 
412 973 
413 974 
414 974 
415 973 
416 974 
417 973 
418 974 
419 974 
420 973 
421 973 
422 974 
423 973 
424 973 
425 973 
426 973 
427 974 
428 973 
429 974 
430 973 
431 973 
432 974 
433 973 
434 973 
435 973 
436 973 
437 973 
438 973 
439 973 
440 973 
441 973 
442 973 
443 973 
444 973 
445 973 
446 973 
447 973 
448 973 
449 973 
450 973 
451 973 
452 973 
453 973 
454 973 
455 973 
456 973 
457 973 
458 973 
459 973 
460 973 
461 974 
462 973 
463 973 
464 974 
465 973 
466 973 
467 973 
468 973 
469 973 
470 974 
471 973 
472 973 
473 973 
474 974 
475 973 
476 973 
477 973 
478 973 
479 973 
480 974 
481 973 
482 973 
483 973 
484 974 
485 973 
486 974 
487 974 
488 973 
489 973 
490 973 
491 973 
492 973 
493 973 
494 973 
495 973 
496 974 
497 974 
498 974 
499 974 
500 973 
501 973 
502 974 
503 973 
504 974 
505 973 
506 974 
507 973 
508 973 
509 974 
510 973 
511 974 
512 973 
513 973 
514 973 
515 973 
516 973 
517 973 
518 973 
519 973 
520 973 
521 973 
522 973 
523 973 
524 973 
525 973 
526 974 
527 973 
528 973 
529 973 
530 973 
531 973 
532 974 
533 973 
534 973 
535 974 
536 973 
537 973 
538 973 
539 973 
540 973 
541 973 
542 973 
543 974 
544 973 
545 973 
546 973 
547 973 
548 973 
549 973 
550 973 
551 973 
552 973 
553 973 
554 974 
555 973 
556 973 
557 973 
558 974 
559 974 
560 974 
561 973 
562 974 
563 974 
564 974 
565 973 
566 974 
567 974 
568 974 
569 974 
570 973 
571 973 
572 973 
573 973 
574 973 
575 974 
576 973 
577 973 
578 974 
579 973 
580 973 
581 973 
582 973 
583 973 
584 973 
585 973 
586 973 
587 973 
588 973 
589 973 
590 974 
591 973 
592 973 
593 973 
594 973 
595 973 
596 973 
597 973 
598 973 
599 973 
600 973 
601 973 
602 973 
603 973 
604 973 
605 973 
606 973 
607 973 
608 973 
609 973 
610 974 
611 973 
612 973 
613 973 
614 974 
615 974 
616 974 
617 973 
618 973 
619 973 
620 973 
621 973 
622 973 
623 973 
624 974 
625 974 
626 974 
627 973 
628 973 
629 973 
630 973 
631 973 
632 973 
633 973 
634 973 
635 973 
636 973 
637 974 
638 973 
639 974 
640 973 
641 973 
642 973 
643 973 
644 973 
645 974 
646 973 
647 973 
648 973 
649 973 
650 973 
651 973 
652 973 
653 973 
654 973 
655 973 
656 973 
657 973 
658 973 
659 973 
660 973 
661 973 
662 974 
663 974 
664 973 
665 974 
