1 1108 
2 1108 
3 1109 
4 1108 
5 1108 
6 1109 
7 1109 
8 1109 
9 1109 
10 1108 
11 1109 
12 1108 
13 1108 
14 1109 
15 1108 
16 1109 
17 1109 
18 1109 
19 1109 
20 1109 
21 1108 
22 1109 
23 1109 
24 1109 
25 1108 
26 1108 
27 1108 
28 1109 
29 1108 
30 1108 
31 1109 
32 1108 
33 1109 
34 1108 
35 1108 
36 1109 
37 1108 
38 1109 
39 1108 
40 1108 
41 1109 
42 1108 
43 1108 
44 1109 
45 1108 
46 1108 
47 1109 
48 1108 
49 1108 
50 1109 
51 1108 
52 1109 
53 1109 
54 1108 
55 1108 
56 1109 
57 1108 
58 1108 
59 1108 
60 1108 
61 1109 
62 1108 
63 1108 
64 1108 
65 1109 
66 1108 
67 1109 
68 1108 
69 1108 
70 1108 
71 1108 
72 1108 
73 1109 
74 1108 
75 1109 
76 1109 
77 1108 
78 1109 
79 1109 
80 1109 
81 1109 
82 1108 
83 1109 
84 1108 
85 1109 
86 1108 
87 1109 
88 1109 
89 1109 
90 1108 
91 1108 
92 1108 
93 1109 
94 1109 
95 1109 
96 1109 
97 1108 
98 1109 
99 1109 
100 1108 
101 1108 
102 1109 
103 1109 
104 1109 
105 1108 
106 1108 
107 1108 
108 1109 
109 1108 
110 1109 
111 1108 
112 1109 
113 1108 
114 1108 
115 1108 
116 1108 
117 1108 
118 1108 
119 1108 
120 1109 
121 1109 
122 1109 
123 1109 
124 1108 
125 1109 
126 1109 
127 1108 
128 1109 
129 1109 
130 1109 
131 1109 
132 1108 
133 1109 
134 1109 
135 1109 
136 1109 
137 1109 
138 1108 
139 1109 
140 1108 
141 1109 
142 1109 
143 1108 
144 1108 
145 1108 
146 1109 
147 1108 
148 1108 
149 1108 
150 1109 
151 1109 
152 1109 
153 1109 
154 1108 
155 1108 
156 1108 
157 1108 
158 1109 
159 1108 
160 1109 
161 1109 
162 1109 
163 1109 
164 1108 
165 1109 
166 1109 
167 1108 
168 1109 
169 1109 
170 1109 
171 1109 
172 1108 
173 1109 
174 1109 
175 1108 
176 1109 
177 1109 
178 1108 
179 1109 
180 1108 
181 1109 
182 1109 
183 1109 
184 1109 
185 1109 
186 1108 
187 1109 
188 1108 
189 1109 
190 1109 
191 1109 
192 1108 
193 1109 
194 1108 
195 1108 
196 1108 
197 1109 
198 1108 
199 1109 
200 1109 
201 1109 
202 1109 
203 1108 
204 1108 
205 1109 
206 1108 
207 1108 
208 1108 
209 1109 
210 1109 
211 1108 
212 1109 
213 1109 
214 1108 
215 1109 
216 1109 
217 1109 
218 1109 
219 1108 
220 1108 
221 1109 
222 1108 
223 1109 
224 1109 
225 1109 
226 1108 
227 1108 
228 1109 
229 1109 
230 1109 
231 1109 
232 1108 
233 1108 
234 1109 
235 1108 
236 1109 
237 1108 
238 1109 
239 1109 
240 1109 
241 1109 
242 1109 
243 1109 
244 1108 
245 1109 
246 1108 
247 1108 
248 1108 
249 1108 
250 1109 
251 1109 
252 1109 
253 1109 
254 1108 
255 1109 
256 1109 
257 1108 
258 1108 
259 1109 
260 1108 
261 1109 
262 1108 
263 1109 
264 1109 
265 1109 
266 1109 
267 1108 
268 1109 
269 1108 
270 1108 
271 1108 
272 1109 
273 1108 
274 1109 
275 1108 
276 1108 
277 1109 
278 1109 
279 1108 
280 1108 
281 1108 
282 1108 
283 1109 
284 1108 
285 1109 
286 1109 
287 1108 
288 1108 
289 1108 
290 1109 
291 1109 
292 1108 
293 1109 
294 1109 
295 1109 
296 1109 
297 1108 
298 1109 
299 1108 
300 1108 
301 1108 
302 1108 
303 1109 
304 1108 
305 1108 
306 1109 
307 1108 
308 1109 
309 1109 
310 1108 
311 1108 
312 1108 
313 1108 
314 1108 
315 1108 
316 1109 
317 1108 
318 1108 
319 1108 
320 1109 
321 1108 
322 1109 
323 1108 
324 1108 
325 1109 
326 1108 
327 1109 
328 1109 
329 1108 
330 1109 
331 1108 
332 1109 
333 1109 
334 1109 
335 1108 
336 1108 
337 1108 
338 1109 
339 1108 
340 1108 
341 1109 
342 1108 
343 1108 
344 1108 
345 1108 
346 1109 
347 1108 
348 1108 
349 1109 
350 1109 
351 1108 
352 1108 
353 1108 
354 1108 
355 1108 
356 1109 
357 1109 
358 1109 
359 1108 
360 1108 
361 1109 
362 1108 
363 1108 
364 1109 
365 1108 
366 1109 
367 1109 
368 1109 
369 1108 
370 1109 
371 1109 
372 1108 
373 1108 
374 1109 
375 1108 
376 1108 
377 1109 
378 1108 
379 1108 
380 1108 
381 1109 
382 1108 
383 1108 
384 1108 
385 1108 
386 1109 
387 1108 
388 1108 
389 1108 
390 1109 
391 1109 
392 1108 
393 1109 
394 1109 
395 1109 
396 1108 
397 1109 
398 1109 
399 1109 
400 1108 
401 1108 
402 1109 
403 1109 
404 1109 
405 1108 
406 1109 
407 1109 
408 1108 
409 1108 
410 1109 
411 1108 
412 1108 
413 1108 
414 1109 
415 1108 
416 1109 
417 1108 
418 1108 
419 1108 
420 1109 
421 1108 
422 1108 
423 1108 
424 1109 
425 1108 
426 1108 
427 1108 
428 1109 
429 1108 
430 1108 
431 1108 
432 1108 
433 1108 
434 1108 
435 1109 
436 1109 
437 1109 
438 1108 
439 1108 
440 1108 
441 1109 
442 1108 
443 1109 
444 1108 
445 1108 
446 1108 
447 1109 
448 1108 
449 1109 
450 1108 
451 1108 
452 1108 
453 1108 
454 1108 
455 1109 
456 1109 
457 1109 
458 1108 
459 1109 
460 1109 
461 1108 
462 1108 
463 1109 
464 1108 
465 1108 
466 1109 
467 1109 
468 1109 
469 1108 
470 1109 
471 1109 
472 1109 
473 1109 
474 1109 
475 1108 
476 1108 
477 1108 
478 1108 
479 1109 
480 1108 
481 1108 
482 1108 
483 1108 
484 1109 
485 1109 
486 1108 
487 1109 
488 1109 
489 1108 
490 1108 
491 1109 
492 1108 
493 1108 
494 1108 
495 1109 
496 1108 
497 1109 
498 1108 
499 1108 
500 1109 
501 1109 
502 1108 
503 1109 
504 1108 
505 1109 
506 1108 
507 1108 
508 1109 
509 1108 
510 1109 
511 1109 
512 1109 
513 1109 
514 1108 
515 1109 
516 1109 
517 1108 
518 1108 
519 1108 
520 1108 
521 1108 
522 1108 
523 1109 
524 1109 
525 1108 
526 1108 
527 1108 
528 1108 
529 1108 
530 1108 
531 1109 
532 1108 
533 1108 
534 1109 
535 1109 
536 1108 
537 1108 
538 1108 
539 1109 
540 1108 
541 1108 
542 1109 
543 1109 
544 1109 
545 1108 
546 1108 
547 1109 
548 1109 
549 1108 
550 1109 
551 1108 
552 1108 
553 1108 
554 1108 
555 1109 
556 1109 
557 1108 
558 1108 
559 1108 
560 1109 
561 1108 
562 1108 
563 1109 
564 1109 
565 1108 
566 1109 
567 1108 
568 1109 
569 1109 
570 1108 
571 1108 
572 1109 
573 1108 
574 1109 
575 1109 
576 1108 
577 1109 
578 1108 
579 1108 
580 1109 
581 1108 
582 1108 
583 1108 
584 1108 
585 1109 
586 1108 
587 1109 
588 1109 
589 1108 
590 1109 
591 1108 
592 1108 
593 1108 
594 1108 
595 1109 
596 1109 
597 1109 
598 1108 
599 1108 
600 1108 
601 1108 
602 1109 
603 1108 
604 1109 
605 1108 
606 1108 
607 1108 
608 1108 
609 1108 
610 1108 
611 1108 
612 1109 
613 1108 
614 1109 
615 1109 
616 1109 
617 1109 
618 1108 
619 1109 
620 1109 
621 1109 
622 1109 
623 1108 
624 1108 
625 1109 
626 1108 
627 1108 
628 1109 
629 1109 
630 1108 
631 1109 
632 1109 
633 1108 
634 1108 
635 1108 
636 1109 
637 1109 
638 1109 
639 1108 
640 1108 
641 1108 
642 1108 
643 1109 
644 1108 
645 1108 
646 1109 
647 1109 
648 1108 
649 1108 
650 1109 
651 1108 
652 1108 
653 1109 
654 1109 
655 1108 
656 1108 
657 1108 
658 1109 
659 1108 
660 1109 
661 1108 
662 1109 
663 1109 
664 1109 
665 1109 
666 1108 
667 1108 
668 1109 
669 1108 
670 1108 
671 1108 
672 1108 
673 1108 
674 1108 
675 1108 
676 1108 
677 1108 
678 1108 
679 1109 
680 1109 
681 1109 
682 1109 
683 1109 
684 1108 
685 1108 
686 1108 
687 1109 
688 1108 
689 1108 
690 1109 
691 1109 
692 1108 
693 1108 
694 1109 
695 1108 
696 1109 
697 1109 
698 1108 
699 1108 
700 1108 
701 1108 
702 1108 
703 1109 
704 1109 
705 1109 
706 1109 
707 1109 
708 1108 
709 1108 
710 1108 
711 1109 
712 1109 
713 1109 
