1 1187 
2 1187 
3 1187 
4 1187 
5 1187 
6 1187 
7 1187 
8 1186 
9 1187 
10 1187 
11 1187 
12 1187 
13 1187 
14 1187 
15 1187 
16 1187 
17 1187 
18 1187 
19 1187 
20 1187 
21 1187 
22 1187 
23 1187 
24 1187 
25 1187 
26 1187 
27 1187 
28 1187 
29 1187 
30 1187 
31 1187 
32 1187 
33 1187 
34 1187 
35 1187 
36 1187 
37 1187 
38 1186 
39 1187 
40 1187 
41 1186 
42 1187 
43 1187 
44 1187 
45 1187 
46 1186 
47 1187 
48 1187 
49 1187 
50 1187 
51 1187 
52 1187 
53 1187 
54 1186 
55 1187 
56 1187 
57 1187 
58 1187 
59 1187 
60 1187 
61 1187 
62 1186 
63 1187 
64 1187 
65 1187 
66 1186 
67 1187 
68 1187 
69 1187 
70 1186 
71 1187 
72 1187 
73 1187 
74 1187 
75 1187 
76 1187 
77 1187 
78 1187 
79 1186 
80 1187 
81 1187 
82 1187 
83 1187 
84 1187 
85 1187 
86 1186 
87 1187 
88 1187 
89 1187 
90 1187 
91 1187 
92 1187 
93 1187 
94 1187 
95 1187 
96 1187 
97 1187 
98 1187 
99 1187 
100 1187 
101 1187 
102 1187 
103 1187 
104 1187 
105 1187 
106 1186 
107 1187 
108 1187 
109 1187 
110 1186 
111 1187 
112 1187 
113 1187 
114 1187 
115 1187 
116 1187 
117 1187 
118 1187 
119 1187 
120 1187 
121 1187 
122 1187 
123 1186 
124 1187 
125 1187 
126 1187 
127 1187 
128 1187 
129 1187 
130 1187 
131 1186 
132 1187 
133 1187 
134 1187 
135 1188 
136 1186 
137 1187 
138 1186 
139 1187 
140 1187 
141 1187 
142 1187 
143 1187 
144 1187 
145 1186 
146 1187 
147 1187 
148 1187 
149 1187 
150 1187 
151 1186 
152 1187 
153 1187 
154 1187 
155 1187 
156 1187 
157 1187 
158 1186 
159 1187 
160 1187 
161 1186 
162 1187 
163 1187 
164 1187 
165 1187 
166 1186 
167 1187 
168 1187 
169 1186 
170 1187 
171 1187 
172 1187 
173 1187 
174 1187 
175 1187 
176 1187 
177 1186 
178 1187 
179 1187 
180 1186 
181 1187 
182 1186 
183 1187 
184 1187 
185 1187 
186 1187 
187 1186 
188 1187 
189 1187 
190 1187 
191 1187 
192 1187 
193 1187 
194 1187 
195 1186 
196 1187 
197 1187 
198 1187 
199 1187 
200 1187 
201 1186 
202 1187 
203 1187 
204 1187 
205 1187 
206 1187 
207 1187 
208 1187 
209 1187 
210 1187 
211 1186 
212 1187 
213 1186 
214 1187 
215 1187 
216 1186 
217 1187 
218 1186 
219 1187 
220 1187 
221 1187 
222 1187 
223 1187 
224 1187 
225 1186 
226 1187 
227 1186 
228 1187 
229 1186 
230 1187 
231 1187 
232 1186 
233 1187 
234 1187 
235 1187 
236 1187 
237 1187 
238 1187 
239 1187 
240 1187 
241 1187 
242 1186 
243 1187 
244 1187 
245 1187 
246 1187 
247 1186 
248 1187 
249 1187 
250 1187 
251 1186 
252 1187 
253 1187 
254 1186 
255 1187 
256 1186 
257 1187 
258 1187 
259 1186 
260 1187 
261 1187 
262 1187 
263 1187 
264 1186 
265 1187 
266 1187 
267 1187 
268 1187 
269 1186 
270 1187 
271 1186 
272 1187 
273 1186 
274 1186 
275 1187 
276 1187 
277 1187 
278 1187 
279 1187 
280 1187 
281 1187 
282 1187 
283 1186 
284 1187 
285 1187 
286 1186 
287 1186 
288 1186 
289 1187 
290 1187 
291 1186 
292 1187 
293 1187 
294 1186 
295 1187 
296 1186 
297 1187 
298 1187 
299 1187 
300 1187 
301 1187 
302 1187 
303 1187 
304 1187 
305 1186 
306 1187 
307 1186 
308 1187 
309 1187 
310 1187 
311 1187 
312 1187 
313 1187 
314 1186 
315 1187 
316 1187 
317 1187 
318 1187 
319 1187 
320 1186 
321 1187 
322 1187 
323 1187 
324 1187 
325 1186 
326 1186 
327 1186 
328 1187 
329 1187 
330 1187 
331 1186 
332 1187 
333 1187 
334 1187 
335 1187 
336 1186 
337 1187 
338 1187 
339 1187 
340 1187 
341 1187 
342 1186 
343 1187 
344 1187 
345 1187 
346 1187 
347 1187 
348 1186 
349 1187 
350 1186 
351 1187 
352 1187 
353 1187 
354 1187 
355 1187 
356 1186 
357 1186 
358 1187 
359 1187 
360 1186 
361 1187 
362 1187 
363 1187 
364 1187 
365 1187 
366 1187 
367 1187 
368 1187 
369 1187 
370 1187 
371 1187 
372 1187 
373 1186 
374 1187 
375 1187 
376 1187 
377 1187 
378 1187 
379 1187 
380 1187 
381 1187 
382 1186 
383 1186 
384 1187 
385 1187 
386 1187 
387 1187 
388 1187 
389 1186 
390 1186 
391 1187 
392 1187 
393 1187 
394 1187 
395 1186 
396 1187 
397 1186 
398 1187 
399 1186 
400 1187 
401 1186 
402 1187 
403 1186 
404 1187 
405 1187 
406 1187 
407 1187 
408 1186 
409 1187 
410 1187 
411 1187 
412 1187 
413 1187 
414 1187 
415 1187 
416 1187 
417 1187 
418 1187 
419 1187 
420 1187 
421 1187 
422 1186 
423 1187 
424 1186 
425 1187 
426 1186 
427 1187 
428 1187 
429 1186 
430 1187 
431 1187 
432 1187 
433 1187 
434 1187 
435 1187 
436 1186 
437 1187 
438 1187 
439 1187 
440 1187 
441 1187 
442 1187 
443 1187 
444 1187 
445 1187 
446 1187 
447 1187 
448 1187 
449 1187 
450 1187 
451 1186 
452 1187 
453 1186 
454 1187 
455 1187 
456 1186 
457 1187 
458 1187 
459 1186 
460 1187 
461 1187 
462 1187 
463 1187 
464 1187 
465 1186 
466 1187 
467 1186 
468 1187 
469 1186 
470 1187 
471 1187 
472 1187 
473 1186 
474 1187 
475 1187 
476 1187 
477 1187 
478 1187 
479 1187 
480 1186 
481 1186 
482 1187 
483 1187 
484 1187 
485 1187 
486 1187 
487 1187 
488 1187 
489 1187 
490 1187 
491 1186 
492 1187 
493 1187 
494 1187 
495 1187 
496 1187 
497 1187 
498 1187 
499 1187 
500 1187 
501 1187 
502 1187 
503 1187 
504 1187 
505 1187 
506 1187 
507 1187 
508 1187 
509 1187 
510 1187 
511 1187 
512 1187 
513 1187 
514 1186 
515 1187 
516 1186 
517 1187 
518 1187 
519 1187 
520 1187 
521 1186 
522 1187 
523 1186 
524 1187 
525 1187 
526 1186 
527 1187 
528 1186 
529 1186 
530 1186 
531 1187 
532 1187 
533 1187 
534 1187 
535 1187 
536 1186 
537 1187 
538 1187 
539 1187 
540 1187 
541 1187 
542 1188 
543 1187 
544 1186 
545 1187 
546 1187 
547 1187 
548 1187 
549 1188 
550 1187 
551 1187 
552 1187 
553 1187 
554 1186 
555 1187 
556 1187 
557 1187 
558 1187 
559 1187 
560 1187 
561 1186 
562 1187 
563 1187 
564 1187 
565 1187 
566 1187 
567 1187 
568 1186 
569 1186 
570 1187 
571 1187 
572 1186 
573 1186 
574 1187 
575 1187 
576 1186 
577 1187 
578 1186 
579 1187 
580 1186 
581 1187 
582 1187 
583 1187 
584 1187 
585 1187 
586 1187 
587 1187 
588 1187 
589 1187 
590 1187 
591 1187 
592 1186 
593 1187 
594 1187 
595 1187 
596 1187 
597 1187 
598 1186 
599 1187 
600 1187 
601 1186 
602 1187 
603 1187 
604 1187 
605 1186 
606 1187 
607 1187 
608 1187 
609 1186 
610 1187 
611 1187 
612 1187 
613 1186 
614 1187 
