1 1254 
2 1252 
3 1253 
4 1252 
5 1253 
6 1253 
7 1252 
8 1253 
9 1253 
10 1253 
11 1253 
12 1253 
13 1252 
14 1252 
15 1253 
16 1253 
17 1253 
18 1253 
19 1253 
20 1252 
21 1253 
22 1253 
23 1253 
24 1252 
25 1253 
26 1253 
27 1253 
28 1253 
29 1253 
30 1253 
31 1253 
32 1253 
33 1253 
34 1252 
35 1253 
36 1253 
37 1253 
38 1253 
39 1252 
40 1253 
41 1253 
42 1252 
43 1253 
44 1253 
45 1253 
46 1253 
47 1253 
48 1253 
49 1253 
50 1253 
51 1253 
52 1254 
53 1253 
54 1252 
55 1253 
56 1253 
57 1253 
58 1253 
59 1253 
60 1253 
61 1253 
62 1253 
63 1253 
64 1253 
65 1253 
66 1253 
67 1253 
68 1253 
69 1253 
70 1253 
71 1254 
72 1253 
73 1253 
74 1253 
75 1253 
76 1253 
77 1253 
78 1252 
79 1253 
80 1253 
81 1253 
82 1253 
83 1253 
84 1252 
85 1253 
86 1252 
87 1253 
88 1252 
89 1253 
90 1253 
91 1253 
92 1253 
93 1253 
94 1253 
95 1253 
96 1253 
97 1252 
98 1252 
99 1253 
100 1253 
101 1252 
102 1253 
103 1253 
104 1253 
105 1253 
106 1253 
107 1253 
108 1253 
109 1253 
110 1253 
111 1253 
112 1253 
113 1253 
114 1253 
115 1253 
116 1253 
117 1252 
118 1253 
119 1253 
120 1254 
121 1253 
122 1253 
123 1253 
124 1253 
125 1252 
126 1253 
127 1252 
128 1253 
129 1253 
130 1252 
131 1253 
132 1253 
133 1253 
134 1253 
135 1253 
136 1253 
137 1253 
138 1253 
139 1253 
140 1254 
141 1253 
142 1253 
143 1253 
144 1253 
145 1253 
146 1252 
147 1253 
148 1253 
149 1253 
150 1253 
151 1253 
152 1253 
153 1254 
154 1253 
155 1252 
156 1253 
157 1253 
158 1252 
159 1253 
160 1254 
161 1253 
162 1252 
163 1253 
164 1253 
165 1253 
166 1253 
167 1253 
168 1253 
169 1253 
170 1252 
171 1253 
172 1253 
173 1253 
174 1254 
175 1253 
176 1253 
177 1254 
178 1253 
179 1253 
180 1253 
181 1253 
182 1253 
183 1253 
184 1252 
185 1253 
186 1253 
187 1252 
188 1253 
189 1253 
190 1254 
191 1253 
192 1253 
193 1253 
194 1253 
195 1253 
196 1253 
197 1253 
198 1253 
199 1252 
200 1253 
201 1253 
202 1252 
203 1252 
204 1253 
205 1253 
206 1252 
207 1253 
208 1253 
209 1253 
210 1253 
211 1253 
212 1253 
213 1252 
214 1253 
215 1252 
216 1253 
217 1253 
218 1253 
219 1253 
220 1253 
221 1253 
222 1253 
223 1252 
224 1253 
225 1253 
226 1253 
227 1253 
228 1253 
229 1253 
230 1253 
231 1252 
232 1253 
233 1253 
234 1253 
235 1253 
236 1253 
237 1253 
238 1253 
239 1253 
240 1253 
241 1253 
242 1253 
243 1253 
244 1253 
245 1253 
246 1253 
247 1253 
248 1253 
249 1253 
250 1254 
251 1252 
252 1253 
253 1253 
254 1253 
255 1253 
256 1253 
257 1253 
258 1252 
259 1253 
260 1253 
261 1252 
262 1253 
263 1253 
264 1253 
265 1253 
266 1252 
267 1254 
268 1253 
269 1253 
270 1253 
271 1252 
272 1253 
273 1253 
274 1253 
275 1253 
276 1252 
277 1252 
278 1253 
279 1252 
280 1254 
281 1253 
282 1252 
283 1253 
284 1253 
285 1253 
286 1252 
287 1253 
288 1253 
289 1253 
290 1252 
291 1253 
292 1253 
293 1253 
294 1253 
295 1253 
296 1253 
297 1253 
298 1252 
299 1254 
300 1253 
301 1253 
302 1254 
303 1253 
304 1252 
305 1253 
306 1253 
307 1253 
308 1253 
309 1253 
310 1253 
311 1253 
312 1253 
313 1253 
314 1253 
315 1253 
316 1253 
317 1253 
318 1253 
319 1253 
320 1252 
321 1253 
322 1252 
323 1253 
324 1253 
325 1253 
326 1253 
327 1253 
328 1253 
329 1252 
330 1253 
331 1253 
332 1252 
333 1252 
334 1253 
335 1253 
336 1253 
337 1253 
338 1253 
339 1253 
340 1253 
341 1253 
342 1253 
343 1253 
344 1253 
345 1254 
346 1252 
347 1253 
348 1252 
349 1253 
350 1252 
351 1252 
352 1253 
353 1253 
354 1252 
355 1253 
356 1252 
357 1253 
358 1253 
359 1253 
360 1253 
361 1253 
362 1253 
363 1253 
364 1252 
365 1252 
366 1253 
367 1253 
368 1253 
369 1253 
370 1253 
371 1253 
372 1252 
373 1253 
374 1253 
375 1253 
376 1253 
377 1253 
378 1253 
379 1252 
380 1252 
381 1252 
382 1252 
383 1252 
384 1253 
385 1253 
386 1253 
387 1253 
388 1253 
389 1253 
390 1253 
391 1253 
392 1253 
393 1253 
394 1253 
395 1253 
396 1252 
397 1253 
398 1252 
399 1253 
400 1253 
401 1253 
402 1254 
403 1252 
404 1253 
405 1252 
406 1254 
407 1254 
408 1254 
409 1253 
410 1252 
411 1253 
412 1252 
413 1252 
414 1253 
415 1253 
416 1253 
417 1252 
418 1253 
419 1253 
420 1252 
421 1254 
422 1253 
423 1253 
424 1253 
425 1253 
426 1252 
427 1253 
428 1253 
429 1253 
430 1253 
431 1253 
432 1253 
433 1253 
434 1252 
435 1252 
436 1253 
437 1253 
438 1253 
439 1252 
440 1253 
441 1252 
442 1253 
443 1253 
444 1253 
445 1253 
446 1253 
447 1253 
448 1252 
449 1252 
450 1253 
451 1253 
452 1253 
453 1253 
454 1253 
455 1252 
456 1253 
457 1253 
458 1253 
459 1253 
460 1253 
461 1253 
462 1253 
463 1253 
464 1252 
465 1253 
466 1253 
467 1252 
468 1252 
469 1253 
470 1253 
471 1253 
472 1253 
473 1253 
474 1253 
475 1253 
476 1253 
477 1253 
478 1253 
479 1252 
480 1252 
481 1253 
482 1253 
483 1252 
484 1253 
485 1253 
486 1253 
487 1253 
488 1252 
489 1253 
490 1253 
491 1253 
492 1253 
493 1254 
494 1253 
495 1253 
496 1253 
497 1252 
498 1253 
499 1253 
500 1252 
501 1253 
502 1253 
503 1253 
504 1253 
505 1253 
506 1253 
507 1253 
508 1253 
509 1253 
510 1253 
511 1252 
512 1253 
513 1252 
514 1252 
515 1253 
516 1253 
517 1253 
518 1252 
519 1253 
520 1252 
521 1253 
522 1253 
523 1253 
524 1252 
525 1253 
526 1253 
527 1253 
528 1253 
529 1253 
530 1253 
531 1253 
532 1253 
533 1253 
534 1253 
535 1254 
536 1253 
537 1252 
538 1253 
539 1253 
540 1252 
541 1253 
542 1253 
543 1252 
544 1253 
545 1253 
546 1252 
547 1253 
548 1253 
549 1253 
550 1253 
551 1252 
552 1253 
553 1253 
554 1253 
555 1253 
556 1253 
557 1253 
558 1252 
559 1252 
560 1253 
561 1252 
562 1253 
563 1253 
564 1252 
565 1253 
566 1252 
567 1253 
568 1252 
569 1253 
570 1253 
571 1253 
572 1252 
573 1252 
574 1253 
575 1252 
576 1253 
577 1253 
578 1252 
579 1253 
580 1253 
581 1252 
582 1253 
583 1253 
584 1253 
585 1252 
586 1253 
587 1253 
588 1253 
589 1253 
590 1253 
591 1252 
592 1252 
593 1253 
594 1253 
595 1253 
596 1253 
597 1252 
598 1253 
599 1252 
600 1253 
601 1253 
602 1252 
603 1253 
604 1252 
605 1253 
606 1253 
607 1252 
608 1253 
609 1253 
610 1253 
611 1253 
612 1252 
613 1253 
614 1252 
615 1253 
616 1252 
617 1252 
618 1253 
619 1254 
620 1253 
621 1253 
622 1253 
623 1253 
624 1253 
625 1253 
626 1253 
627 1253 
628 1253 
629 1253 
630 1252 
631 1252 
632 1253 
633 1253 
634 1253 
635 1253 
636 1253 
637 1253 
638 1253 
639 1253 
640 1253 
641 1253 
642 1252 
643 1252 
644 1252 
645 1253 
646 1253 
647 1253 
648 1253 
649 1252 
650 1252 
651 1253 
652 1253 
653 1253 
654 1253 
655 1253 
656 1253 
657 1252 
658 1253 
659 1252 
660 1252 
661 1253 
662 1253 
663 1253 
664 1253 
665 1252 
666 1252 
667 1252 
668 1252 
669 1253 
670 1253 
671 1253 
672 1253 
673 1253 
674 1252 
675 1252 
676 1253 
