1 1308 
2 1307 
3 1308 
4 1308 
5 1308 
6 1308 
7 1308 
8 1308 
9 1308 
10 1308 
11 1308 
12 1308 
13 1308 
14 1308 
15 1308 
16 1307 
17 1308 
18 1308 
19 1308 
20 1308 
21 1308 
22 1308 
23 1308 
24 1308 
25 1308 
26 1308 
27 1308 
28 1307 
29 1308 
30 1307 
31 1308 
32 1308 
33 1307 
34 1308 
35 1307 
36 1308 
37 1308 
38 1307 
39 1308 
40 1308 
41 1308 
42 1308 
43 1307 
44 1307 
45 1308 
46 1308 
47 1308 
48 1308 
49 1307 
50 1308 
51 1308 
52 1308 
53 1308 
54 1308 
55 1308 
56 1308 
57 1307 
58 1308 
59 1307 
60 1308 
61 1308 
62 1308 
63 1308 
64 1308 
65 1308 
66 1308 
67 1308 
68 1308 
69 1308 
70 1308 
71 1308 
72 1307 
73 1308 
74 1308 
75 1308 
76 1308 
77 1308 
78 1307 
79 1308 
80 1308 
81 1308 
82 1307 
83 1308 
84 1308 
85 1308 
86 1308 
87 1308 
88 1308 
89 1308 
90 1308 
91 1308 
92 1308 
93 1308 
94 1308 
95 1308 
96 1308 
97 1307 
98 1308 
99 1308 
100 1308 
101 1308 
102 1307 
103 1308 
104 1308 
105 1308 
106 1307 
107 1307 
108 1308 
109 1308 
110 1307 
111 1308 
112 1308 
113 1308 
114 1308 
115 1307 
116 1308 
117 1308 
118 1308 
119 1308 
120 1307 
121 1308 
122 1308 
123 1308 
124 1308 
125 1307 
126 1308 
127 1308 
128 1308 
129 1308 
130 1308 
131 1308 
132 1309 
133 1308 
134 1308 
135 1308 
136 1308 
137 1308 
138 1308 
139 1308 
140 1308 
141 1308 
142 1307 
143 1308 
144 1307 
145 1307 
146 1307 
147 1308 
148 1308 
149 1308 
150 1308 
151 1307 
152 1307 
153 1307 
154 1308 
155 1308 
156 1308 
157 1308 
158 1308 
159 1307 
160 1307 
161 1307 
162 1307 
163 1308 
164 1308 
165 1308 
166 1308 
167 1308 
168 1307 
169 1307 
170 1308 
171 1308 
172 1307 
173 1308 
174 1308 
175 1308 
176 1308 
177 1308 
178 1308 
179 1308 
180 1308 
181 1308 
182 1307 
183 1307 
184 1307 
185 1308 
186 1308 
187 1308 
188 1308 
189 1308 
190 1308 
191 1308 
192 1308 
193 1308 
194 1308 
195 1308 
196 1308 
197 1307 
198 1308 
199 1308 
200 1308 
201 1308 
202 1308 
203 1308 
204 1308 
205 1308 
206 1307 
207 1308 
208 1308 
209 1308 
210 1308 
211 1308 
212 1308 
213 1308 
214 1307 
215 1308 
216 1307 
217 1309 
218 1308 
219 1308 
220 1308 
221 1307 
222 1308 
223 1308 
224 1308 
225 1308 
226 1308 
227 1308 
228 1307 
229 1308 
230 1307 
231 1308 
232 1308 
233 1307 
234 1308 
235 1308 
236 1308 
237 1308 
238 1308 
239 1307 
240 1308 
241 1308 
242 1308 
243 1308 
244 1308 
245 1308 
246 1308 
247 1308 
248 1308 
249 1308 
250 1308 
251 1308 
252 1308 
253 1308 
254 1307 
255 1309 
256 1308 
257 1308 
258 1308 
259 1308 
260 1308 
261 1308 
262 1308 
263 1308 
264 1308 
265 1308 
266 1308 
267 1308 
268 1308 
269 1308 
270 1308 
271 1308 
272 1308 
273 1308 
274 1308 
275 1307 
276 1308 
277 1308 
278 1307 
279 1308 
280 1307 
281 1307 
282 1308 
283 1308 
284 1308 
285 1307 
286 1308 
287 1307 
288 1308 
289 1308 
290 1308 
291 1308 
292 1307 
293 1308 
294 1307 
295 1308 
296 1307 
297 1308 
298 1308 
299 1307 
300 1308 
301 1307 
302 1308 
303 1307 
304 1307 
305 1309 
306 1308 
307 1307 
308 1308 
309 1308 
310 1307 
311 1308 
312 1308 
313 1309 
314 1308 
315 1308 
316 1307 
317 1307 
318 1307 
319 1307 
320 1308 
321 1308 
322 1308 
323 1307 
324 1308 
325 1308 
326 1308 
327 1308 
328 1308 
329 1308 
330 1308 
331 1307 
332 1308 
333 1307 
334 1308 
335 1309 
336 1308 
337 1308 
338 1308 
339 1308 
340 1308 
341 1308 
342 1308 
343 1308 
344 1308 
345 1308 
346 1308 
347 1307 
348 1308 
349 1308 
350 1308 
351 1308 
352 1307 
353 1308 
354 1308 
355 1307 
356 1307 
357 1308 
358 1308 
359 1307 
360 1307 
361 1308 
362 1308 
363 1307 
364 1308 
365 1308 
366 1307 
367 1308 
368 1308 
369 1308 
370 1308 
371 1307 
372 1308 
373 1307 
374 1308 
375 1308 
376 1308 
377 1308 
378 1307 
379 1308 
380 1308 
381 1308 
382 1308 
383 1308 
384 1308 
385 1307 
386 1308 
387 1307 
388 1308 
389 1308 
390 1308 
391 1308 
392 1308 
393 1308 
394 1307 
395 1308 
396 1307 
397 1307 
398 1308 
399 1308 
400 1308 
401 1308 
402 1307 
403 1307 
404 1308 
405 1308 
406 1308 
407 1307 
408 1308 
409 1308 
410 1307 
411 1308 
412 1308 
413 1308 
414 1308 
415 1308 
416 1308 
417 1308 
418 1308 
419 1308 
420 1308 
421 1308 
422 1308 
423 1308 
424 1308 
425 1308 
426 1308 
427 1307 
428 1307 
429 1308 
430 1307 
431 1308 
432 1307 
433 1308 
434 1308 
435 1308 
436 1308 
437 1308 
438 1308 
439 1308 
440 1308 
441 1308 
442 1308 
443 1308 
444 1308 
445 1307 
446 1308 
447 1307 
448 1308 
449 1308 
450 1307 
451 1308 
452 1308 
453 1307 
454 1308 
455 1308 
456 1308 
457 1307 
458 1307 
459 1308 
460 1308 
461 1308 
462 1308 
463 1308 
464 1308 
465 1307 
466 1308 
467 1307 
468 1308 
469 1307 
470 1307 
471 1308 
472 1308 
473 1308 
474 1308 
475 1308 
476 1308 
477 1308 
478 1308 
479 1308 
480 1308 
481 1307 
482 1308 
483 1308 
484 1308 
485 1307 
486 1308 
487 1307 
488 1307 
489 1308 
490 1308 
491 1307 
492 1308 
493 1308 
494 1308 
495 1308 
496 1308 
497 1307 
498 1308 
499 1308 
500 1307 
501 1307 
502 1308 
503 1308 
504 1308 
505 1308 
506 1308 
507 1307 
508 1307 
509 1308 
510 1307 
511 1308 
512 1307 
513 1308 
514 1308 
515 1308 
516 1308 
517 1307 
518 1308 
519 1307 
520 1308 
521 1308 
522 1308 
523 1307 
524 1308 
525 1307 
526 1308 
527 1307 
528 1308 
529 1308 
530 1308 
531 1308 
532 1308 
533 1308 
534 1307 
535 1308 
536 1308 
537 1308 
538 1307 
539 1307 
540 1308 
541 1307 
542 1308 
543 1307 
544 1308 
545 1308 
546 1308 
547 1308 
548 1308 
549 1308 
550 1307 
551 1308 
552 1307 
553 1308 
554 1308 
555 1308 
556 1308 
557 1308 
558 1308 
559 1307 
560 1307 
561 1308 
562 1308 
563 1308 
564 1308 
565 1308 
566 1308 
567 1307 
568 1308 
569 1308 
570 1308 
571 1308 
572 1308 
573 1308 
574 1308 
575 1307 
576 1308 
577 1308 
578 1307 
579 1308 
580 1308 
581 1307 
582 1308 
583 1308 
584 1307 
585 1307 
586 1308 
587 1308 
588 1308 
589 1307 
590 1307 
591 1308 
592 1308 
593 1308 
594 1308 
595 1308 
596 1308 
597 1308 
598 1307 
599 1307 
600 1308 
601 1308 
602 1308 
603 1308 
604 1308 
605 1307 
606 1307 
607 1307 
608 1308 
609 1308 
610 1308 
611 1308 
612 1308 
613 1307 
614 1308 
615 1307 
616 1307 
617 1308 
618 1308 
619 1307 
620 1308 
621 1308 
622 1308 
623 1308 
624 1307 
625 1308 
626 1307 
627 1308 
628 1308 
629 1307 
630 1307 
631 1308 
632 1308 
633 1308 
634 1307 
635 1308 
636 1307 
637 1308 
638 1307 
639 1307 
640 1308 
641 1308 
642 1308 
643 1308 
644 1308 
645 1307 
646 1308 
647 1308 
