1 1638 
2 1639 
3 1639 
4 1639 
5 1639 
6 1639 
7 1639 
8 1639 
9 1639 
10 1639 
11 1639 
12 1639 
13 1639 
14 1639 
15 1639 
16 1640 
17 1639 
18 1639 
19 1639 
20 1638 
21 1639 
22 1638 
23 1639 
24 1639 
25 1639 
26 1639 
27 1639 
28 1639 
29 1639 
30 1639 
31 1639 
32 1639 
33 1639 
34 1639 
35 1639 
36 1638 
37 1639 
38 1639 
39 1639 
40 1639 
41 1640 
42 1639 
43 1639 
44 1639 
45 1638 
46 1639 
47 1639 
48 1639 
49 1639 
50 1639 
51 1638 
52 1639 
53 1640 
54 1639 
55 1639 
56 1639 
57 1639 
58 1639 
59 1639 
60 1638 
61 1639 
62 1639 
63 1638 
64 1639 
65 1639 
66 1639 
67 1639 
68 1639 
69 1639 
70 1639 
71 1639 
72 1639 
73 1639 
74 1638 
75 1638 
76 1639 
77 1639 
78 1639 
79 1639 
80 1639 
81 1639 
82 1639 
83 1639 
84 1638 
85 1639 
86 1639 
87 1640 
88 1639 
89 1639 
90 1638 
91 1639 
92 1639 
93 1639 
94 1639 
95 1639 
96 1639 
97 1639 
98 1639 
99 1638 
100 1639 
101 1639 
102 1639 
103 1640 
104 1639 
105 1639 
106 1639 
107 1639 
108 1639 
109 1638 
110 1639 
111 1639 
112 1638 
113 1639 
114 1639 
115 1639 
116 1639 
117 1639 
118 1639 
119 1639 
120 1639 
121 1639 
122 1639 
123 1638 
124 1639 
125 1639 
126 1639 
127 1639 
128 1639 
129 1639 
130 1639 
131 1639 
132 1639 
133 1640 
134 1639 
135 1639 
136 1639 
137 1638 
138 1639 
139 1639 
140 1639 
141 1639 
142 1639 
143 1640 
144 1639 
145 1639 
146 1639 
147 1638 
148 1639 
149 1639 
150 1639 
151 1639 
152 1639 
153 1639 
154 1639 
155 1639 
156 1639 
157 1639 
158 1639 
159 1638 
160 1639 
161 1638 
162 1639 
163 1639 
164 1639 
165 1639 
166 1639 
167 1639 
168 1638 
169 1639 
170 1639 
171 1639 
172 1639 
173 1639 
174 1639 
175 1639 
176 1639 
177 1639 
178 1639 
179 1639 
180 1639 
181 1639 
182 1638 
183 1639 
184 1639 
185 1639 
186 1640 
187 1639 
188 1639 
189 1639 
190 1638 
191 1639 
192 1639 
193 1638 
194 1639 
195 1639 
196 1639 
197 1639 
198 1639 
199 1639 
200 1638 
201 1639 
202 1639 
203 1639 
204 1639 
205 1639 
206 1639 
207 1638 
208 1639 
209 1640 
210 1639 
211 1639 
212 1639 
213 1639 
214 1639 
215 1639 
216 1639 
217 1639 
218 1639 
219 1639 
220 1640 
221 1639 
222 1639 
223 1639 
224 1639 
225 1639 
226 1639 
227 1639 
228 1639 
229 1639 
230 1639 
231 1639 
232 1639 
233 1639 
234 1639 
235 1639 
236 1639 
237 1639 
238 1638 
239 1639 
240 1638 
241 1639 
242 1639 
243 1639 
244 1639 
245 1639 
246 1639 
247 1639 
248 1639 
249 1639 
250 1639 
251 1638 
252 1639 
253 1639 
254 1639 
255 1639 
256 1638 
257 1639 
258 1639 
259 1639 
260 1639 
261 1639 
262 1638 
263 1639 
264 1639 
265 1639 
266 1639 
267 1639 
268 1639 
269 1639 
270 1638 
271 1639 
272 1639 
273 1639 
274 1639 
275 1639 
276 1639 
277 1638 
278 1639 
279 1639 
280 1638 
281 1639 
282 1639 
283 1639 
284 1639 
285 1639 
286 1639 
287 1640 
288 1638 
289 1639 
290 1640 
291 1639 
292 1639 
293 1639 
294 1638 
295 1639 
296 1639 
297 1639 
298 1639 
299 1639 
300 1639 
301 1639 
302 1639 
303 1639 
304 1639 
305 1639 
306 1639 
307 1639 
308 1639 
309 1638 
310 1639 
311 1639 
312 1639 
313 1639 
314 1640 
315 1639 
316 1639 
317 1639 
318 1639 
319 1638 
320 1639 
321 1639 
322 1639 
323 1639 
324 1639 
325 1639 
326 1639 
327 1639 
328 1639 
329 1639 
330 1639 
331 1639 
332 1639 
333 1639 
334 1639 
335 1639 
336 1639 
337 1639 
338 1639 
339 1639 
340 1638 
341 1639 
342 1639 
343 1639 
344 1639 
345 1639 
346 1638 
347 1639 
348 1639 
349 1638 
350 1639 
351 1639 
352 1639 
353 1639 
354 1639 
355 1639 
356 1639 
357 1639 
358 1639 
359 1639 
360 1639 
361 1639 
362 1639 
363 1638 
364 1639 
365 1639 
366 1639 
367 1639 
368 1639 
369 1639 
370 1639 
371 1638 
372 1639 
373 1639 
374 1639 
375 1639 
376 1639 
377 1639 
378 1638 
379 1639 
380 1639 
381 1639 
382 1639 
383 1639 
384 1639 
385 1639 
386 1639 
387 1639 
388 1639 
389 1638 
390 1638 
391 1639 
392 1639 
393 1639 
394 1639 
395 1639 
396 1639 
397 1639 
398 1640 
399 1639 
400 1638 
401 1639 
402 1639 
403 1639 
404 1639 
405 1639 
406 1639 
407 1639 
408 1639 
409 1639 
410 1639 
411 1639 
412 1639 
413 1639 
414 1639 
415 1639 
416 1639 
417 1639 
418 1639 
419 1638 
420 1639 
421 1639 
422 1639 
423 1639 
424 1639 
425 1639 
426 1638 
427 1638 
428 1638 
429 1639 
430 1639 
431 1639 
432 1638 
433 1639 
434 1638 
435 1639 
436 1639 
437 1639 
438 1639 
439 1639 
440 1639 
441 1639 
442 1638 
443 1639 
444 1639 
445 1639 
446 1639 
447 1639 
448 1639 
449 1639 
450 1639 
451 1639 
452 1639 
453 1639 
454 1639 
455 1639 
456 1639 
457 1639 
458 1638 
459 1639 
460 1639 
461 1639 
462 1639 
463 1639 
464 1639 
465 1639 
466 1639 
467 1639 
468 1639 
469 1639 
470 1639 
471 1639 
472 1639 
473 1639 
474 1639 
475 1639 
476 1639 
477 1639 
478 1639 
479 1638 
480 1639 
481 1639 
482 1639 
483 1639 
484 1639 
485 1639 
486 1640 
487 1639 
488 1639 
489 1638 
490 1639 
491 1639 
492 1639 
493 1639 
494 1639 
495 1639 
496 1639 
497 1639 
498 1639 
499 1639 
500 1639 
501 1639 
502 1639 
503 1638 
504 1639 
505 1639 
506 1638 
507 1639 
508 1639 
509 1639 
510 1638 
511 1639 
512 1639 
513 1639 
514 1639 
515 1639 
516 1639 
517 1639 
518 1639 
519 1638 
520 1639 
521 1639 
522 1639 
523 1639 
524 1639 
525 1639 
526 1639 
527 1639 
528 1639 
529 1639 
530 1639 
531 1639 
532 1639 
533 1639 
534 1639 
535 1638 
536 1638 
537 1639 
538 1639 
539 1639 
540 1639 
541 1639 
542 1639 
543 1638 
544 1638 
545 1639 
546 1639 
547 1639 
548 1639 
549 1639 
550 1639 
551 1638 
552 1639 
553 1639 
554 1639 
555 1639 
556 1639 
557 1639 
558 1639 
559 1639 
560 1639 
561 1639 
562 1639 
563 1639 
564 1639 
565 1639 
566 1639 
567 1639 
568 1638 
569 1639 
570 1639 
571 1638 
572 1639 
573 1639 
574 1639 
575 1638 
576 1639 
577 1639 
578 1639 
579 1639 
580 1639 
581 1639 
582 1639 
583 1639 
584 1639 
585 1639 
586 1639 
587 1639 
588 1639 
589 1638 
590 1639 
591 1639 
592 1639 
593 1638 
594 1639 
595 1639 
596 1638 
597 1639 
598 1639 
599 1638 
600 1639 
601 1639 
602 1639 
603 1639 
604 1639 
605 1638 
606 1638 
607 1638 
608 1639 
609 1639 
610 1639 
611 1638 
612 1639 
613 1640 
614 1639 
615 1640 
616 1638 
617 1639 
618 1638 
619 1639 
620 1638 
621 1639 
622 1639 
623 1639 
624 1639 
625 1639 
626 1639 
627 1639 
628 1639 
629 1639 
630 1639 
631 1639 
632 1639 
633 1639 
634 1639 
635 1639 
636 1639 
637 1639 
638 1639 
639 1639 
640 1639 
641 1639 
642 1638 
643 1638 
644 1638 
645 1639 
646 1639 
647 1639 
648 1639 
649 1639 
650 1639 
651 1639 
652 1639 
653 1639 
654 1639 
655 1639 
656 1639 
657 1639 
658 1640 
659 1639 
660 1639 
661 1639 
662 1638 
663 1639 
664 1639 
665 1639 
666 1638 
667 1639 
668 1639 
669 1639 
670 1639 
671 1639 
672 1638 
673 1639 
674 1639 
675 1639 
676 1639 
677 1639 
678 1638 
679 1638 
680 1638 
681 1639 
682 1638 
683 1638 
684 1638 
685 1639 
686 1639 
687 1638 
688 1639 
689 1639 
690 1639 
691 1639 
692 1639 
693 1639 
694 1639 
695 1639 
696 1639 
697 1639 
698 1639 
699 1639 
700 1638 
701 1638 
702 1639 
703 1639 
704 1639 
705 1639 
706 1639 
707 1638 
708 1639 
709 1639 
710 1639 
711 1639 
712 1638 
713 1639 
714 1639 
715 1639 
716 1638 
717 1639 
718 1639 
719 1639 
720 1639 
721 1638 
722 1639 
723 1638 
724 1638 
725 1638 
726 1639 
727 1639 
728 1639 
729 1638 
730 1638 
731 1638 
732 1639 
733 1639 
734 1639 
735 1639 
736 1639 
737 1638 
738 1639 
739 1639 
740 1639 
741 1639 
742 1639 
743 1639 
744 1639 
745 1639 
746 1639 
747 1639 
748 1639 
749 1639 
750 1639 
751 1639 
752 1639 
753 1638 
754 1639 
755 1639 
756 1639 
757 1639 
