1 1772 
2 1771 
3 1771 
4 1771 
5 1771 
6 1771 
7 1771 
8 1772 
9 1771 
10 1771 
11 1771 
12 1771 
13 1771 
14 1772 
15 1772 
16 1771 
17 1772 
18 1771 
19 1771 
20 1771 
21 1772 
22 1771 
23 1771 
24 1771 
25 1771 
26 1772 
27 1771 
28 1772 
29 1772 
30 1771 
31 1771 
32 1772 
33 1771 
34 1771 
35 1771 
36 1772 
37 1771 
38 1771 
39 1771 
40 1771 
41 1771 
42 1771 
43 1771 
44 1772 
45 1771 
46 1771 
47 1771 
48 1771 
49 1771 
50 1771 
51 1772 
52 1772 
53 1772 
54 1771 
55 1772 
56 1771 
57 1771 
58 1771 
59 1771 
60 1771 
61 1772 
62 1772 
63 1771 
64 1771 
65 1771 
66 1771 
67 1771 
68 1772 
69 1771 
70 1771 
71 1771 
72 1771 
73 1771 
74 1771 
75 1771 
76 1771 
77 1772 
78 1772 
79 1771 
80 1772 
81 1771 
82 1771 
83 1772 
84 1771 
85 1771 
86 1771 
87 1772 
88 1771 
89 1771 
90 1771 
91 1771 
92 1772 
93 1772 
94 1772 
95 1772 
96 1771 
97 1771 
98 1771 
99 1771 
100 1771 
101 1772 
102 1771 
103 1771 
104 1771 
105 1771 
106 1771 
107 1771 
108 1771 
109 1771 
110 1772 
111 1771 
112 1771 
113 1771 
114 1771 
115 1771 
116 1771 
117 1772 
118 1771 
119 1772 
120 1771 
121 1771 
122 1772 
123 1771 
124 1772 
125 1771 
126 1772 
127 1772 
128 1772 
129 1771 
130 1771 
131 1771 
132 1771 
133 1771 
134 1771 
135 1771 
136 1771 
137 1772 
138 1771 
139 1771 
140 1771 
141 1771 
142 1771 
143 1771 
144 1771 
145 1771 
146 1771 
147 1771 
148 1771 
149 1771 
150 1771 
151 1771 
152 1771 
153 1772 
154 1771 
155 1771 
156 1771 
157 1771 
158 1771 
159 1771 
160 1771 
161 1771 
162 1771 
163 1771 
164 1771 
165 1772 
166 1771 
167 1771 
168 1771 
169 1771 
170 1772 
171 1772 
172 1771 
173 1771 
174 1771 
175 1771 
176 1771 
177 1771 
178 1771 
179 1771 
180 1771 
181 1771 
182 1772 
183 1772 
184 1771 
185 1771 
186 1771 
187 1771 
188 1771 
189 1771 
190 1771 
191 1771 
192 1771 
193 1772 
194 1771 
195 1771 
196 1771 
197 1771 
198 1771 
199 1772 
200 1771 
201 1771 
202 1772 
203 1771 
204 1771 
205 1772 
206 1771 
207 1771 
208 1771 
209 1771 
210 1771 
211 1771 
212 1771 
213 1771 
214 1771 
215 1772 
216 1771 
217 1771 
218 1772 
219 1772 
220 1771 
221 1771 
222 1771 
223 1771 
224 1771 
225 1771 
226 1771 
227 1771 
228 1771 
229 1771 
230 1772 
231 1771 
232 1771 
233 1771 
234 1771 
235 1771 
236 1771 
237 1772 
238 1771 
239 1771 
240 1771 
241 1771 
242 1771 
243 1771 
244 1771 
245 1772 
246 1771 
247 1771 
248 1771 
249 1771 
250 1772 
251 1771 
252 1772 
253 1770 
254 1771 
255 1771 
256 1771 
257 1771 
258 1771 
259 1771 
260 1771 
261 1771 
262 1771 
263 1771 
264 1771 
265 1771 
266 1771 
267 1772 
268 1771 
269 1771 
270 1771 
271 1772 
272 1771 
273 1771 
274 1771 
275 1772 
276 1771 
277 1771 
278 1772 
279 1772 
280 1772 
281 1771 
282 1772 
283 1771 
284 1771 
285 1771 
286 1771 
287 1772 
288 1771 
289 1771 
290 1771 
291 1772 
292 1771 
293 1771 
294 1771 
295 1771 
296 1771 
297 1772 
298 1771 
299 1771 
300 1772 
301 1771 
302 1771 
303 1772 
304 1772 
305 1772 
306 1771 
307 1771 
308 1771 
309 1771 
310 1771 
311 1771 
312 1772 
313 1771 
314 1772 
315 1771 
316 1771 
317 1771 
318 1772 
319 1771 
320 1771 
321 1771 
322 1771 
323 1772 
324 1771 
325 1771 
326 1771 
327 1771 
328 1771 
329 1771 
330 1772 
331 1771 
332 1771 
333 1771 
334 1771 
335 1772 
336 1772 
337 1771 
338 1771 
339 1771 
340 1771 
341 1771 
342 1771 
343 1772 
344 1771 
345 1771 
346 1771 
347 1771 
348 1771 
349 1771 
350 1771 
351 1771 
352 1772 
353 1771 
354 1771 
355 1772 
356 1771 
357 1772 
358 1771 
359 1771 
360 1771 
361 1772 
362 1771 
363 1771 
364 1771 
365 1771 
366 1771 
367 1772 
368 1771 
369 1771 
370 1771 
371 1771 
372 1771 
373 1771 
374 1771 
375 1771 
376 1772 
377 1771 
378 1771 
379 1771 
380 1772 
381 1771 
382 1771 
383 1771 
384 1771 
385 1771 
386 1771 
387 1771 
388 1772 
389 1771 
390 1772 
391 1771 
392 1771 
393 1772 
394 1771 
395 1771 
396 1772 
397 1771 
398 1771 
399 1771 
400 1771 
401 1771 
402 1771 
403 1771 
404 1772 
405 1771 
406 1771 
407 1771 
408 1771 
409 1771 
410 1771 
411 1771 
412 1771 
413 1771 
414 1771 
415 1771 
416 1771 
417 1771 
418 1771 
419 1771 
420 1771 
421 1772 
422 1771 
423 1771 
424 1771 
425 1772 
426 1771 
427 1771 
428 1771 
429 1771 
430 1772 
431 1771 
432 1771 
433 1771 
434 1771 
435 1771 
436 1771 
437 1771 
438 1771 
439 1771 
440 1772 
441 1771 
442 1771 
443 1771 
444 1771 
445 1771 
446 1771 
447 1771 
448 1771 
449 1772 
450 1771 
451 1771 
452 1771 
453 1771 
454 1771 
455 1771 
456 1771 
457 1772 
458 1771 
459 1771 
460 1771 
461 1772 
462 1771 
463 1770 
464 1771 
465 1772 
466 1772 
467 1771 
468 1772 
469 1771 
470 1771 
471 1771 
472 1771 
473 1772 
474 1771 
475 1771 
476 1771 
477 1771 
478 1772 
479 1771 
480 1771 
481 1772 
482 1771 
483 1771 
484 1771 
485 1771 
486 1771 
487 1771 
488 1771 
489 1771 
490 1771 
491 1771 
492 1772 
493 1771 
494 1771 
495 1771 
496 1771 
497 1771 
498 1771 
499 1771 
500 1771 
501 1771 
502 1772 
503 1771 
504 1772 
505 1772 
506 1771 
507 1771 
508 1771 
509 1771 
510 1771 
511 1771 
512 1771 
513 1771 
514 1772 
515 1770 
516 1771 
517 1771 
518 1771 
519 1771 
520 1771 
521 1771 
522 1771 
523 1771 
524 1771 
525 1772 
526 1771 
527 1771 
528 1772 
529 1771 
530 1771 
531 1771 
532 1771 
533 1771 
534 1771 
535 1771 
536 1772 
537 1772 
538 1771 
539 1771 
540 1771 
541 1771 
542 1772 
543 1771 
544 1771 
545 1771 
546 1771 
547 1771 
548 1771 
549 1771 
550 1771 
551 1771 
552 1772 
553 1772 
554 1771 
555 1772 
556 1771 
557 1771 
