1 1907 
2 1908 
3 1907 
4 1907 
5 1907 
6 1908 
7 1908 
8 1908 
9 1908 
10 1908 
11 1907 
12 1907 
13 1907 
14 1908 
15 1907 
16 1907 
17 1907 
18 1907 
19 1907 
20 1907 
21 1908 
22 1908 
23 1907 
24 1908 
25 1907 
26 1907 
27 1908 
28 1907 
29 1907 
30 1907 
31 1907 
32 1908 
33 1907 
34 1907 
35 1907 
36 1907 
37 1908 
38 1907 
39 1907 
40 1907 
41 1907 
42 1907 
43 1907 
44 1907 
45 1908 
46 1907 
47 1908 
48 1907 
49 1907 
50 1908 
51 1908 
52 1907 
53 1908 
54 1908 
55 1907 
56 1907 
57 1907 
58 1907 
59 1908 
60 1907 
61 1908 
62 1908 
63 1907 
64 1907 
65 1907 
66 1908 
67 1907 
68 1907 
69 1907 
70 1907 
71 1908 
72 1907 
73 1907 
74 1907 
75 1907 
76 1907 
77 1908 
78 1907 
79 1907 
80 1907 
81 1907 
82 1907 
83 1907 
84 1907 
85 1908 
86 1908 
87 1908 
88 1907 
89 1908 
90 1908 
91 1907 
92 1907 
93 1908 
94 1907 
95 1908 
96 1907 
97 1907 
98 1907 
99 1908 
100 1907 
101 1907 
102 1907 
103 1907 
104 1907 
105 1908 
106 1907 
107 1908 
108 1907 
109 1908 
110 1907 
111 1907 
112 1907 
113 1907 
114 1907 
115 1907 
116 1907 
117 1907 
118 1908 
119 1908 
120 1908 
121 1907 
122 1907 
123 1908 
124 1907 
125 1908 
126 1907 
127 1907 
128 1907 
129 1907 
130 1907 
131 1908 
132 1907 
133 1907 
134 1907 
135 1907 
136 1907 
137 1907 
138 1908 
139 1907 
140 1907 
141 1907 
142 1907 
143 1907 
144 1908 
145 1907 
146 1907 
147 1907 
148 1908 
149 1908 
150 1907 
151 1907 
152 1908 
153 1908 
154 1908 
155 1909 
156 1908 
157 1907 
158 1907 
159 1907 
160 1907 
161 1907 
162 1907 
163 1908 
164 1907 
165 1907 
166 1907 
167 1907 
168 1908 
169 1908 
170 1908 
171 1907 
172 1907 
173 1908 
174 1907 
175 1907 
176 1907 
177 1907 
178 1908 
179 1908 
180 1907 
181 1908 
182 1908 
183 1907 
184 1908 
185 1908 
186 1907 
187 1907 
188 1908 
189 1907 
190 1907 
191 1907 
192 1908 
193 1907 
194 1907 
195 1907 
196 1907 
197 1907 
198 1907 
199 1907 
200 1907 
201 1908 
202 1907 
203 1907 
204 1907 
205 1907 
206 1907 
207 1907 
208 1907 
209 1908 
210 1908 
211 1908 
212 1907 
213 1907 
214 1907 
215 1907 
216 1907 
217 1907 
218 1908 
219 1907 
220 1907 
221 1907 
222 1907 
223 1907 
224 1907 
225 1907 
226 1907 
227 1907 
228 1907 
229 1907 
230 1907 
231 1907 
232 1908 
233 1907 
234 1907 
235 1908 
236 1908 
237 1907 
238 1907 
239 1907 
240 1907 
241 1907 
242 1907 
243 1907 
244 1907 
245 1907 
246 1907 
247 1907 
248 1908 
249 1908 
250 1908 
251 1907 
252 1907 
253 1908 
254 1907 
255 1908 
256 1907 
257 1907 
258 1907 
259 1907 
260 1908 
261 1907 
262 1907 
263 1908 
264 1908 
265 1907 
266 1907 
267 1908 
268 1907 
269 1907 
270 1907 
271 1907 
272 1907 
273 1907 
274 1908 
275 1907 
276 1907 
277 1908 
278 1908 
279 1907 
280 1908 
281 1907 
282 1908 
283 1907 
284 1907 
285 1908 
286 1907 
287 1907 
288 1908 
289 1907 
290 1907 
291 1907 
292 1907 
293 1907 
294 1908 
295 1908 
296 1907 
297 1907 
298 1907 
299 1907 
300 1907 
301 1907 
302 1907 
303 1908 
304 1907 
305 1907 
306 1907 
307 1907 
308 1907 
309 1907 
310 1908 
311 1907 
312 1908 
313 1907 
314 1907 
315 1908 
316 1908 
317 1907 
318 1907 
319 1907 
320 1907 
321 1907 
322 1907 
323 1907 
324 1907 
325 1908 
326 1907 
327 1907 
328 1907 
329 1907 
330 1908 
331 1907 
332 1907 
333 1907 
334 1907 
335 1908 
336 1908 
337 1907 
338 1907 
339 1907 
340 1907 
341 1908 
342 1907 
343 1907 
344 1907 
345 1908 
346 1907 
347 1907 
348 1907 
349 1907 
350 1908 
351 1907 
352 1907 
353 1907 
354 1907 
355 1907 
356 1907 
357 1907 
358 1907 
359 1907 
360 1908 
361 1908 
362 1908 
363 1907 
364 1907 
365 1907 
366 1907 
367 1908 
368 1907 
369 1907 
370 1907 
371 1907 
372 1907 
373 1907 
374 1908 
375 1908 
376 1907 
377 1907 
378 1908 
379 1907 
380 1907 
381 1907 
382 1907 
383 1907 
384 1907 
385 1907 
386 1907 
387 1907 
388 1908 
389 1908 
390 1907 
391 1907 
392 1908 
393 1907 
394 1908 
395 1907 
396 1908 
397 1907 
398 1908 
399 1907 
400 1907 
401 1907 
402 1907 
403 1907 
404 1907 
405 1908 
406 1907 
407 1907 
408 1907 
409 1907 
410 1907 
411 1908 
412 1908 
413 1908 
414 1907 
415 1907 
416 1907 
417 1907 
418 1907 
419 1907 
420 1908 
421 1908 
422 1908 
423 1907 
424 1907 
425 1907 
426 1908 
427 1907 
428 1907 
429 1908 
430 1907 
431 1907 
432 1907 
433 1907 
434 1907 
435 1907 
436 1908 
437 1908 
438 1907 
439 1907 
440 1907 
441 1907 
442 1908 
443 1907 
444 1907 
445 1908 
446 1907 
447 1907 
448 1907 
449 1907 
450 1907 
451 1907 
452 1907 
453 1908 
454 1907 
455 1908 
456 1907 
457 1907 
458 1907 
459 1907 
460 1907 
461 1908 
462 1907 
463 1907 
464 1907 
465 1908 
466 1907 
467 1908 
468 1907 
469 1908 
470 1908 
471 1907 
472 1908 
473 1908 
474 1908 
475 1907 
476 1907 
477 1908 
478 1907 
479 1908 
480 1907 
481 1907 
482 1907 
483 1907 
484 1907 
485 1907 
486 1907 
487 1907 
488 1907 
489 1907 
490 1907 
491 1907 
492 1908 
493 1907 
494 1908 
495 1907 
496 1907 
497 1908 
498 1907 
499 1907 
500 1907 
501 1908 
502 1907 
503 1907 
504 1907 
505 1907 
506 1908 
507 1907 
508 1907 
509 1907 
510 1907 
511 1907 
512 1907 
513 1908 
514 1907 
515 1907 
516 1907 
517 1907 
518 1908 
519 1908 
520 1908 
521 1907 
522 1907 
523 1907 
524 1907 
525 1908 
526 1907 
527 1907 
528 1907 
529 1907 
530 1907 
531 1907 
532 1907 
533 1908 
534 1907 
535 1908 
536 1907 
537 1907 
538 1908 
539 1907 
540 1907 
541 1908 
542 1907 
543 1908 
544 1907 
545 1907 
546 1908 
547 1908 
548 1907 
549 1907 
550 1907 
551 1907 
552 1907 
553 1908 
554 1907 
555 1907 
556 1907 
557 1907 
558 1907 
559 1908 
560 1907 
561 1908 
562 1907 
563 1907 
564 1907 
565 1907 
566 1907 
567 1907 
568 1907 
569 1908 
570 1907 
571 1907 
572 1907 
573 1907 
574 1907 
575 1908 
576 1907 
577 1907 
578 1907 
579 1908 
580 1908 
581 1907 
582 1907 
583 1908 
584 1908 
585 1907 
586 1907 
587 1908 
588 1907 
589 1907 
590 1907 
591 1907 
592 1907 
593 1908 
594 1907 
595 1908 
596 1907 
597 1908 
598 1907 
599 1907 
600 1907 
601 1907 
602 1907 
603 1907 
604 1907 
605 1907 
606 1907 
607 1907 
608 1907 
609 1908 
610 1907 
611 1908 
612 1907 
613 1907 
614 1907 
615 1907 
616 1907 
617 1907 
618 1907 
619 1907 
620 1908 
621 1908 
