1 1970 
2 1971 
3 1970 
4 1970 
5 1971 
6 1971 
7 1970 
8 1971 
9 1970 
10 1971 
11 1971 
12 1971 
13 1971 
14 1970 
15 1970 
16 1971 
17 1971 
18 1971 
19 1971 
20 1970 
21 1971 
22 1970 
23 1970 
24 1970 
25 1970 
26 1970 
27 1971 
28 1971 
29 1971 
30 1970 
31 1971 
32 1970 
33 1970 
34 1971 
35 1971 
36 1971 
37 1970 
38 1971 
39 1970 
40 1970 
41 1971 
42 1971 
43 1971 
44 1971 
45 1971 
46 1970 
47 1971 
48 1970 
49 1971 
50 1971 
51 1971 
52 1970 
53 1971 
54 1971 
55 1970 
56 1970 
57 1971 
58 1970 
59 1971 
60 1970 
61 1970 
62 1970 
63 1970 
64 1970 
65 1970 
66 1971 
67 1971 
68 1970 
69 1971 
70 1970 
71 1971 
72 1971 
73 1970 
74 1970 
75 1970 
76 1971 
77 1971 
78 1970 
79 1971 
80 1971 
81 1971 
82 1971 
83 1971 
84 1971 
85 1971 
86 1970 
87 1971 
88 1970 
89 1970 
90 1970 
91 1971 
92 1971 
93 1970 
94 1970 
95 1970 
96 1971 
97 1971 
98 1971 
99 1971 
100 1971 
101 1971 
102 1971 
103 1970 
104 1970 
105 1971 
106 1971 
107 1971 
108 1970 
109 1971 
110 1970 
111 1970 
112 1971 
113 1971 
114 1971 
115 1971 
116 1970 
117 1970 
118 1971 
119 1971 
120 1971 
121 1971 
122 1971 
123 1971 
124 1970 
125 1970 
126 1971 
127 1971 
128 1971 
129 1970 
130 1971 
131 1971 
132 1971 
133 1971 
134 1970 
135 1971 
136 1971 
137 1970 
138 1971 
139 1970 
140 1970 
141 1971 
142 1971 
143 1971 
144 1970 
145 1971 
146 1971 
147 1971 
148 1971 
149 1971 
150 1970 
151 1970 
152 1970 
153 1970 
154 1971 
155 1970 
156 1970 
157 1971 
158 1971 
159 1971 
160 1970 
161 1970 
162 1970 
163 1971 
164 1971 
165 1971 
166 1971 
167 1971 
168 1971 
169 1971 
170 1970 
171 1970 
172 1971 
173 1971 
174 1970 
175 1971 
176 1971 
177 1971 
178 1971 
179 1971 
180 1970 
181 1971 
182 1971 
183 1971 
184 1970 
185 1971 
186 1970 
187 1971 
188 1970 
189 1970 
190 1971 
191 1970 
192 1971 
193 1970 
194 1970 
195 1971 
196 1970 
197 1970 
198 1971 
199 1971 
200 1970 
201 1971 
202 1971 
203 1970 
204 1970 
205 1970 
206 1970 
207 1971 
208 1971 
209 1971 
210 1970 
211 1971 
212 1970 
213 1970 
214 1971 
215 1971 
216 1971 
217 1971 
218 1970 
219 1970 
220 1971 
221 1970 
222 1970 
223 1971 
224 1970 
225 1970 
226 1970 
227 1971 
228 1971 
229 1971 
230 1970 
231 1970 
232 1970 
233 1971 
234 1970 
235 1971 
236 1970 
237 1971 
238 1971 
239 1971 
240 1971 
241 1970 
242 1970 
243 1971 
244 1971 
245 1971 
246 1970 
247 1970 
248 1970 
249 1970 
250 1971 
251 1971 
252 1971 
253 1971 
254 1970 
255 1971 
256 1971 
257 1970 
258 1971 
259 1971 
260 1971 
261 1970 
262 1970 
263 1971 
264 1970 
265 1970 
266 1971 
267 1970 
268 1971 
269 1971 
270 1971 
271 1970 
272 1972 
273 1970 
274 1970 
275 1970 
276 1971 
277 1971 
278 1971 
279 1970 
280 1970 
281 1971 
282 1970 
283 1970 
284 1971 
285 1971 
286 1971 
287 1970 
288 1971 
289 1970 
290 1970 
291 1971 
292 1971 
293 1971 
294 1971 
295 1971 
296 1971 
297 1971 
298 1971 
299 1970 
300 1971 
301 1971 
302 1970 
303 1971 
304 1971 
305 1970 
306 1971 
307 1971 
308 1971 
309 1971 
310 1971 
311 1971 
312 1970 
313 1971 
314 1971 
315 1970 
316 1970 
317 1971 
318 1971 
319 1971 
320 1970 
321 1970 
322 1971 
323 1970 
324 1970 
325 1971 
326 1970 
327 1970 
328 1971 
329 1971 
330 1970 
331 1971 
332 1971 
333 1971 
334 1971 
335 1970 
336 1971 
337 1971 
338 1970 
339 1970 
340 1971 
341 1970 
342 1970 
343 1971 
344 1971 
345 1971 
346 1971 
347 1971 
348 1970 
349 1970 
350 1971 
351 1970 
352 1970 
353 1971 
354 1971 
355 1971 
356 1971 
357 1971 
358 1971 
359 1970 
360 1970 
361 1971 
362 1970 
363 1971 
364 1971 
365 1970 
366 1971 
367 1971 
368 1970 
369 1971 
370 1970 
371 1971 
372 1970 
373 1971 
374 1971 
375 1971 
376 1970 
377 1970 
378 1971 
379 1971 
380 1971 
381 1971 
382 1971 
383 1970 
384 1970 
385 1971 
386 1971 
387 1971 
388 1971 
389 1971 
390 1970 
391 1971 
392 1971 
393 1971 
394 1970 
395 1971 
396 1970 
397 1971 
398 1970 
399 1971 
400 1970 
401 1970 
402 1970 
403 1970 
404 1971 
405 1970 
406 1970 
407 1970 
408 1970 
409 1971 
410 1971 
411 1970 
412 1970 
413 1970 
414 1970 
415 1970 
416 1970 
417 1971 
418 1971 
419 1971 
420 1971 
421 1971 
422 1971 
423 1970 
424 1971 
425 1971 
426 1970 
427 1970 
428 1970 
429 1971 
430 1970 
431 1970 
432 1970 
433 1971 
434 1971 
435 1970 
436 1971 
437 1971 
438 1971 
439 1971 
440 1970 
441 1971 
442 1971 
443 1971 
444 1971 
445 1970 
446 1971 
447 1971 
448 1970 
449 1971 
450 1971 
451 1971 
452 1970 
453 1971 
454 1971 
455 1971 
456 1971 
457 1971 
458 1971 
459 1971 
460 1971 
461 1971 
462 1971 
463 1970 
464 1971 
465 1971 
466 1970 
467 1971 
468 1971 
469 1970 
470 1971 
471 1971 
472 1970 
473 1971 
474 1971 
475 1970 
476 1971 
477 1971 
478 1971 
479 1971 
480 1970 
481 1971 
482 1970 
483 1970 
484 1971 
485 1971 
486 1971 
487 1971 
488 1971 
489 1970 
490 1970 
491 1970 
492 1970 
493 1970 
494 1971 
495 1971 
496 1970 
497 1971 
498 1970 
499 1971 
500 1970 
501 1970 
502 1970 
503 1970 
504 1970 
505 1970 
506 1970 
507 1971 
508 1970 
509 1970 
510 1971 
511 1971 
512 1971 
513 1970 
514 1971 
515 1970 
516 1971 
517 1970 
518 1970 
519 1971 
520 1971 
521 1970 
522 1970 
523 1970 
524 1970 
525 1970 
526 1971 
527 1971 
528 1971 
529 1970 
530 1970 
531 1970 
532 1970 
533 1971 
534 1971 
535 1971 
536 1971 
537 1971 
538 1971 
539 1971 
540 1971 
541 1970 
542 1971 
543 1971 
544 1970 
545 1970 
546 1971 
547 1970 
548 1970 
549 1971 
550 1970 
551 1971 
552 1971 
553 1971 
554 1970 
555 1970 
556 1971 
557 1970 
558 1970 
559 1971 
560 1971 
561 1971 
562 1970 
563 1971 
564 1970 
565 1971 
566 1971 
567 1971 
568 1971 
569 1971 
570 1970 
571 1970 
572 1971 
573 1971 
574 1971 
575 1971 
576 1971 
577 1971 
578 1970 
579 1971 
580 1971 
581 1970 
582 1970 
583 1971 
584 1970 
585 1971 
586 1971 
587 1970 
588 1971 
589 1970 
590 1971 
591 1971 
592 1971 
593 1970 
594 1970 
595 1970 
596 1971 
597 1970 
598 1971 
599 1970 
600 1970 
601 1971 
602 1970 
603 1971 
604 1971 
605 1970 
606 1971 
