1 2037 
2 2037 
3 2037 
4 2038 
5 2036 
6 2037 
7 2037 
8 2037 
9 2037 
10 2037 
11 2037 
12 2038 
13 2038 
14 2037 
15 2037 
16 2037 
17 2037 
18 2037 
19 2037 
20 2037 
21 2037 
22 2038 
23 2037 
24 2037 
25 2037 
26 2038 
27 2037 
28 2037 
29 2037 
30 2037 
31 2037 
32 2037 
33 2037 
34 2037 
35 2037 
36 2038 
37 2037 
38 2038 
39 2037 
40 2037 
41 2037 
42 2037 
43 2037 
44 2038 
45 2037 
46 2038 
47 2037 
48 2038 
49 2037 
50 2037 
51 2037 
52 2037 
53 2037 
54 2037 
55 2037 
56 2038 
57 2037 
58 2037 
59 2037 
60 2037 
61 2037 
62 2038 
63 2037 
64 2037 
65 2037 
66 2037 
67 2038 
68 2037 
69 2038 
70 2037 
71 2037 
72 2037 
73 2037 
74 2037 
75 2038 
76 2037 
77 2037 
78 2038 
79 2038 
80 2038 
81 2037 
82 2037 
83 2037 
84 2038 
85 2037 
86 2037 
87 2037 
88 2037 
89 2037 
90 2037 
91 2037 
92 2038 
93 2037 
94 2036 
95 2037 
96 2038 
97 2038 
98 2037 
99 2038 
100 2037 
101 2037 
102 2037 
103 2038 
104 2038 
105 2037 
106 2037 
107 2037 
108 2037 
109 2037 
110 2037 
111 2037 
112 2038 
113 2037 
114 2037 
115 2038 
116 2037 
117 2037 
118 2037 
119 2037 
120 2037 
121 2037 
122 2037 
123 2037 
124 2037 
125 2037 
126 2037 
127 2037 
128 2037 
129 2038 
130 2037 
131 2037 
132 2037 
133 2037 
134 2037 
135 2037 
136 2037 
137 2037 
138 2037 
139 2037 
140 2037 
141 2037 
142 2037 
143 2037 
144 2037 
145 2038 
146 2037 
147 2038 
148 2037 
149 2037 
150 2038 
151 2037 
152 2038 
153 2037 
154 2038 
155 2038 
156 2037 
157 2037 
158 2037 
159 2037 
160 2037 
161 2038 
162 2037 
163 2037 
164 2037 
165 2037 
166 2037 
167 2037 
168 2037 
169 2038 
170 2037 
171 2038 
172 2037 
173 2037 
174 2037 
175 2038 
176 2037 
177 2037 
178 2037 
179 2037 
180 2037 
181 2038 
182 2037 
183 2038 
184 2038 
185 2037 
186 2037 
187 2037 
188 2037 
189 2038 
190 2037 
191 2037 
192 2037 
193 2037 
194 2037 
195 2037 
196 2037 
197 2037 
198 2037 
199 2038 
200 2037 
201 2037 
202 2037 
203 2037 
204 2037 
205 2037 
206 2037 
207 2038 
208 2037 
209 2038 
210 2037 
211 2037 
212 2037 
213 2037 
214 2037 
215 2037 
216 2037 
217 2037 
218 2037 
219 2037 
220 2037 
221 2037 
222 2037 
223 2037 
224 2037 
225 2037 
226 2037 
227 2037 
228 2038 
229 2037 
230 2037 
231 2037 
232 2037 
233 2037 
234 2037 
235 2038 
236 2037 
237 2037 
238 2037 
239 2037 
240 2038 
241 2037 
242 2037 
243 2038 
244 2037 
245 2037 
246 2037 
247 2037 
248 2038 
249 2037 
250 2037 
251 2037 
252 2038 
253 2038 
254 2037 
255 2037 
256 2037 
257 2038 
258 2037 
259 2037 
260 2037 
261 2037 
262 2037 
263 2038 
264 2037 
265 2037 
266 2037 
267 2038 
268 2037 
269 2037 
270 2038 
271 2037 
272 2038 
273 2037 
274 2037 
275 2037 
276 2037 
277 2037 
278 2038 
279 2037 
280 2037 
281 2037 
282 2037 
283 2038 
284 2037 
285 2037 
286 2038 
287 2037 
288 2037 
289 2037 
290 2037 
291 2037 
292 2038 
293 2037 
294 2037 
295 2037 
296 2037 
297 2037 
298 2038 
299 2037 
300 2037 
301 2037 
302 2037 
303 2037 
304 2037 
305 2037 
306 2037 
307 2037 
308 2037 
309 2038 
310 2037 
311 2037 
312 2037 
313 2037 
314 2037 
315 2037 
316 2037 
317 2037 
318 2037 
319 2037 
320 2038 
321 2038 
322 2038 
323 2037 
324 2037 
325 2037 
326 2037 
327 2037 
328 2037 
329 2037 
330 2037 
331 2038 
332 2037 
333 2037 
334 2037 
335 2037 
336 2037 
337 2037 
338 2037 
339 2037 
340 2037 
341 2037 
342 2038 
343 2037 
344 2038 
345 2037 
346 2037 
347 2037 
348 2037 
349 2037 
350 2037 
351 2037 
352 2037 
353 2038 
354 2038 
355 2037 
356 2037 
357 2037 
358 2037 
359 2037 
360 2037 
361 2037 
362 2038 
363 2038 
364 2037 
365 2037 
366 2037 
367 2038 
368 2037 
369 2037 
370 2037 
371 2037 
372 2037 
373 2037 
374 2037 
375 2037 
376 2037 
377 2037 
378 2037 
379 2037 
380 2037 
381 2037 
382 2038 
383 2037 
384 2037 
385 2037 
386 2038 
387 2037 
388 2037 
389 2037 
390 2037 
391 2038 
392 2037 
393 2037 
394 2038 
395 2037 
396 2037 
397 2037 
398 2037 
399 2037 
400 2038 
401 2037 
402 2037 
403 2037 
404 2037 
405 2038 
406 2037 
407 2038 
408 2037 
409 2037 
410 2037 
411 2037 
412 2037 
413 2037 
414 2037 
415 2038 
416 2037 
417 2037 
418 2038 
419 2037 
420 2037 
421 2037 
422 2037 
423 2037 
424 2038 
425 2037 
426 2037 
427 2037 
428 2037 
429 2037 
430 2037 
431 2037 
432 2037 
433 2037 
434 2037 
435 2037 
436 2038 
437 2037 
438 2038 
439 2037 
440 2037 
441 2037 
442 2037 
443 2037 
444 2037 
445 2037 
446 2037 
447 2038 
448 2037 
449 2037 
450 2037 
451 2037 
452 2037 
453 2037 
454 2037 
455 2037 
456 2037 
457 2037 
458 2037 
459 2037 
460 2037 
461 2037 
462 2037 
463 2037 
464 2038 
465 2037 
466 2037 
467 2037 
468 2038 
469 2037 
470 2038 
471 2037 
472 2038 
473 2037 
474 2037 
475 2037 
476 2037 
477 2038 
478 2037 
479 2037 
480 2038 
481 2037 
482 2037 
483 2037 
484 2038 
485 2038 
486 2037 
487 2037 
488 2037 
489 2038 
490 2037 
491 2037 
492 2037 
493 2037 
494 2037 
495 2038 
496 2037 
497 2037 
498 2037 
499 2037 
500 2037 
501 2038 
502 2037 
503 2037 
504 2037 
505 2036 
506 2037 
507 2037 
508 2038 
509 2037 
510 2037 
511 2037 
512 2037 
513 2037 
514 2037 
515 2038 
516 2037 
517 2037 
518 2037 
519 2037 
520 2037 
521 2037 
522 2038 
523 2037 
524 2037 
525 2037 
526 2037 
527 2037 
528 2037 
529 2037 
530 2037 
531 2037 
532 2037 
533 2037 
534 2037 
535 2037 
536 2037 
537 2037 
538 2037 
539 2037 
540 2037 
541 2037 
542 2037 
543 2037 
544 2037 
545 2037 
546 2037 
547 2037 
548 2038 
549 2037 
550 2037 
551 2037 
552 2037 
553 2037 
554 2037 
555 2037 
556 2037 
557 2038 
558 2037 
559 2037 
560 2038 
561 2037 
562 2038 
563 2038 
564 2038 
565 2037 
566 2038 
567 2037 
568 2038 
569 2037 
570 2037 
571 2037 
572 2037 
573 2037 
574 2036 
575 2037 
576 2037 
577 2038 
578 2038 
579 2037 
580 2037 
581 2037 
582 2037 
583 2038 
584 2037 
585 2037 
586 2037 
587 2037 
588 2038 
589 2037 
590 2037 
591 2037 
592 2038 
593 2038 
594 2037 
595 2038 
596 2037 
597 2037 
598 2037 
599 2037 
600 2037 
601 2037 
602 2038 
603 2037 
604 2037 
605 2036 
606 2037 
607 2037 
608 2038 
609 2038 
610 2038 
611 2037 
612 2038 
613 2037 
614 2037 
615 2037 
616 2037 
617 2037 
618 2037 
619 2037 
620 2037 
621 2037 
622 2037 
623 2037 
624 2038 
625 2037 
626 2038 
627 2037 
628 2037 
629 2037 
630 2037 
631 2037 
632 2037 
633 2037 
634 2038 
635 2037 
636 2037 
637 2037 
638 2037 
639 2037 
640 2037 
641 2037 
642 2038 
643 2037 
644 2037 
645 2037 
646 2037 
647 2037 
648 2037 
649 2037 
650 2037 
651 2038 
652 2037 
653 2037 
654 2037 
655 2037 
656 2037 
657 2037 
658 2037 
659 2037 
660 2038 
661 2037 
662 2038 
663 2037 
664 2036 
665 2037 
666 2037 
667 2037 
668 2037 
669 2038 
670 2037 
671 2037 
672 2037 
673 2037 
674 2037 
675 2037 
676 2037 
677 2037 
678 2037 
679 2037 
680 2037 
681 2037 
682 2038 
683 2037 
684 2037 
685 2037 
686 2037 
687 2038 
688 2037 
689 2037 
690 2037 
691 2037 
692 2037 
693 2037 
694 2037 
695 2037 
696 2037 
697 2037 
698 2037 
699 2037 
700 2037 
701 2037 
702 2037 
703 2037 
704 2037 
705 2037 
706 2037 
707 2037 
708 2037 
709 2037 
710 2037 
711 2037 
712 2037 
713 2037 
714 2037 
715 2037 
716 2037 
717 2037 
718 2038 
719 2037 
720 2037 
721 2038 
722 2037 
723 2037 
724 2037 
725 2038 
726 2037 
727 2038 
728 2037 
729 2037 
730 2037 
731 2038 
732 2037 
733 2037 
734 2037 
735 2037 
736 2037 
737 2037 
738 2037 
739 2037 
740 2037 
741 2037 
742 2038 
743 2038 
744 2037 
745 2038 
746 2037 
747 2037 
748 2037 
749 2037 
750 2037 
751 2038 
752 2037 
753 2037 
754 2037 
755 2037 
756 2038 
757 2037 
758 2038 
759 2037 
760 2037 
761 2037 
762 2037 
763 2037 
764 2037 
765 2037 
766 2037 
767 2037 
768 2038 
769 2037 
770 2037 
771 2037 
772 2037 
773 2037 
774 2037 
775 2037 
776 2037 
777 2037 
778 2037 
779 2037 
780 2038 
781 2036 
782 2037 
783 2037 
784 2037 
785 2037 
786 2037 
787 2037 
788 2038 
789 2037 
790 2037 
791 2037 
792 2038 
793 2037 
794 2037 
795 2037 
796 2037 
797 2038 
798 2037 
799 2038 
800 2037 
801 2037 
802 2037 
803 2038 
804 2037 
805 2037 
806 2037 
807 2038 
808 2037 
809 2037 
810 2037 
811 2037 
812 2037 
813 2037 
814 2037 
815 2037 
816 2036 
817 2037 
818 2037 
819 2037 
820 2038 
821 2037 
822 2037 
823 2037 
824 2037 
825 2038 
826 2038 
827 2038 
828 2037 
829 2037 
830 2037 
831 2037 
832 2037 
833 2037 
834 2037 
835 2037 
836 2037 
837 2037 
838 2037 
839 2038 
840 2037 
841 2038 
842 2037 
843 2037 
844 2037 
845 2037 
846 2037 
847 2037 
848 2037 
849 2037 
850 2037 
851 2037 
852 2037 
853 2037 
854 2037 
855 2037 
856 2037 
857 2037 
858 2037 
859 2037 
860 2038 
861 2037 
862 2037 
863 2037 
864 2037 
865 2038 
866 2037 
867 2037 
868 2037 
869 2037 
870 2037 
871 2037 
872 2037 
873 2037 
874 2037 
875 2038 
876 2037 
877 2037 
878 2037 
879 2037 
880 2038 
881 2037 
882 2037 
883 2037 
