1 2105 
2 2105 
3 2105 
4 2104 
5 2104 
6 2105 
7 2105 
8 2105 
9 2105 
10 2105 
11 2104 
12 2104 
13 2105 
14 2105 
15 2105 
16 2105 
17 2104 
18 2105 
19 2105 
20 2105 
21 2104 
22 2105 
23 2105 
24 2105 
25 2104 
26 2105 
27 2105 
28 2104 
29 2105 
30 2104 
31 2105 
32 2105 
33 2105 
34 2105 
35 2104 
36 2105 
37 2105 
38 2105 
39 2105 
40 2105 
41 2104 
42 2105 
43 2105 
44 2105 
45 2105 
46 2105 
47 2104 
48 2105 
49 2105 
50 2105 
51 2105 
52 2104 
53 2104 
54 2104 
55 2105 
56 2104 
57 2104 
58 2106 
59 2104 
60 2105 
61 2105 
62 2105 
63 2105 
64 2105 
65 2105 
66 2105 
67 2105 
68 2104 
69 2105 
70 2104 
71 2105 
72 2105 
73 2104 
74 2104 
75 2104 
76 2105 
77 2105 
78 2105 
79 2104 
80 2105 
81 2105 
82 2104 
83 2105 
84 2105 
85 2105 
86 2104 
87 2105 
88 2104 
89 2105 
90 2105 
91 2104 
92 2105 
93 2105 
94 2105 
95 2104 
96 2104 
97 2104 
98 2104 
99 2104 
100 2105 
101 2105 
102 2105 
103 2105 
104 2105 
105 2105 
106 2104 
107 2104 
108 2105 
109 2104 
110 2104 
111 2104 
112 2104 
113 2105 
114 2105 
115 2104 
116 2105 
117 2104 
118 2104 
119 2105 
120 2105 
121 2105 
122 2105 
123 2104 
124 2105 
125 2105 
126 2105 
127 2105 
128 2105 
129 2105 
130 2105 
131 2104 
132 2105 
133 2104 
134 2104 
135 2104 
136 2105 
137 2105 
138 2105 
139 2105 
140 2105 
141 2105 
142 2105 
143 2104 
144 2104 
145 2104 
146 2104 
147 2105 
148 2104 
149 2104 
150 2104 
151 2105 
152 2104 
153 2105 
154 2104 
155 2105 
156 2104 
157 2105 
158 2104 
159 2104 
160 2104 
161 2105 
162 2104 
163 2105 
164 2105 
165 2105 
166 2105 
167 2105 
168 2105 
169 2105 
170 2104 
171 2104 
172 2105 
173 2104 
174 2104 
175 2104 
176 2105 
177 2105 
178 2105 
179 2104 
180 2104 
181 2105 
182 2104 
183 2104 
184 2104 
185 2105 
186 2106 
187 2105 
188 2105 
189 2104 
190 2105 
191 2105 
192 2104 
193 2105 
194 2105 
195 2104 
196 2104 
197 2105 
198 2104 
199 2104 
200 2104 
201 2105 
202 2105 
203 2104 
204 2105 
205 2104 
206 2105 
207 2105 
208 2104 
209 2105 
210 2105 
211 2104 
212 2105 
213 2104 
214 2104 
215 2105 
216 2104 
217 2105 
218 2106 
219 2105 
220 2105 
221 2105 
222 2104 
223 2104 
224 2104 
225 2105 
226 2105 
227 2104 
228 2104 
229 2104 
230 2104 
231 2105 
232 2105 
233 2104 
234 2105 
235 2105 
236 2105 
237 2105 
238 2105 
239 2105 
240 2104 
241 2105 
242 2105 
243 2104 
244 2105 
245 2104 
246 2105 
247 2105 
248 2105 
249 2105 
250 2105 
251 2105 
252 2105 
253 2105 
254 2105 
255 2105 
256 2105 
257 2105 
258 2104 
259 2105 
260 2105 
261 2104 
262 2104 
263 2105 
264 2104 
265 2105 
266 2105 
267 2105 
268 2104 
269 2105 
270 2105 
271 2105 
272 2104 
273 2105 
274 2104 
275 2104 
276 2105 
277 2104 
278 2105 
279 2105 
280 2104 
281 2105 
282 2105 
283 2104 
284 2104 
285 2105 
286 2105 
287 2105 
288 2105 
289 2105 
290 2105 
291 2105 
292 2105 
293 2105 
294 2104 
295 2105 
296 2104 
297 2105 
298 2104 
299 2104 
300 2105 
301 2105 
302 2105 
303 2104 
304 2104 
305 2104 
306 2105 
307 2104 
308 2105 
309 2105 
310 2105 
311 2105 
312 2104 
313 2105 
314 2105 
315 2105 
316 2104 
317 2104 
318 2105 
319 2105 
320 2104 
321 2105 
322 2104 
323 2104 
324 2105 
325 2104 
326 2105 
327 2105 
328 2104 
329 2105 
330 2105 
331 2105 
332 2104 
333 2104 
334 2105 
335 2105 
336 2105 
337 2105 
338 2104 
339 2104 
340 2105 
341 2105 
342 2105 
343 2105 
344 2104 
345 2104 
346 2105 
347 2104 
348 2105 
349 2104 
350 2105 
351 2105 
352 2104 
353 2105 
354 2105 
355 2104 
356 2104 
357 2105 
358 2105 
359 2105 
360 2105 
361 2105 
362 2104 
363 2104 
364 2105 
365 2105 
366 2105 
367 2105 
368 2104 
369 2104 
370 2105 
371 2105 
372 2105 
373 2105 
374 2104 
375 2105 
376 2105 
377 2105 
378 2105 
379 2105 
380 2105 
381 2104 
382 2104 
383 2105 
384 2104 
385 2104 
386 2104 
387 2105 
388 2104 
389 2104 
390 2105 
391 2104 
392 2104 
393 2104 
394 2104 
395 2105 
396 2105 
397 2104 
398 2105 
399 2104 
400 2104 
401 2104 
402 2105 
403 2105 
404 2105 
405 2104 
406 2105 
407 2105 
408 2104 
409 2105 
410 2105 
411 2104 
412 2105 
413 2105 
414 2104 
415 2105 
416 2105 
417 2105 
418 2105 
419 2105 
420 2105 
421 2104 
422 2105 
423 2104 
424 2104 
425 2104 
426 2105 
427 2105 
428 2105 
429 2105 
430 2104 
431 2105 
432 2105 
433 2104 
434 2105 
435 2105 
436 2105 
437 2105 
438 2105 
439 2104 
440 2105 
441 2104 
442 2104 
443 2105 
444 2105 
445 2105 
446 2104 
447 2105 
448 2104 
449 2105 
450 2105 
451 2105 
452 2105 
453 2104 
454 2104 
455 2104 
456 2105 
457 2105 
458 2105 
459 2104 
460 2105 
461 2104 
462 2104 
463 2104 
464 2105 
465 2105 
466 2105 
467 2105 
468 2105 
469 2104 
470 2104 
471 2104 
472 2104 
473 2104 
474 2105 
475 2105 
476 2105 
477 2105 
478 2104 
479 2105 
480 2104 
481 2105 
482 2105 
483 2105 
484 2104 
485 2105 
486 2105 
487 2105 
488 2104 
489 2105 
490 2105 
491 2105 
492 2105 
493 2104 
494 2105 
495 2105 
496 2104 
497 2105 
498 2104 
499 2105 
500 2105 
501 2104 
502 2105 
503 2105 
504 2105 
505 2105 
506 2104 
507 2105 
508 2105 
509 2105 
510 2105 
511 2104 
512 2105 
513 2105 
514 2105 
515 2105 
516 2105 
517 2105 
518 2105 
519 2104 
520 2105 
521 2105 
522 2105 
523 2105 
524 2105 
525 2104 
526 2105 
527 2104 
528 2105 
529 2105 
530 2104 
531 2104 
532 2105 
533 2104 
534 2104 
535 2104 
536 2105 
537 2105 
538 2105 
539 2105 
540 2104 
541 2105 
542 2105 
543 2104 
544 2105 
545 2104 
546 2104 
547 2105 
548 2105 
549 2105 
550 2105 
551 2105 
552 2105 
553 2105 
554 2104 
555 2105 
556 2105 
557 2105 
558 2105 
559 2105 
560 2105 
561 2105 
562 2105 
563 2105 
564 2104 
565 2105 
566 2105 
567 2105 
568 2105 
569 2105 
570 2105 
571 2105 
572 2104 
573 2105 
574 2105 
575 2104 
576 2105 
577 2105 
578 2104 
579 2105 
580 2105 
581 2105 
582 2105 
583 2105 
584 2105 
585 2104 
586 2105 
587 2105 
588 2105 
589 2105 
590 2105 
591 2105 
592 2104 
593 2105 
594 2105 
595 2105 
596 2105 
597 2105 
598 2105 
599 2105 
600 2105 
601 2105 
602 2105 
603 2105 
604 2105 
605 2104 
606 2105 
607 2104 
608 2105 
609 2104 
610 2104 
611 2105 
612 2105 
613 2104 
614 2105 
615 2105 
616 2105 
617 2105 
618 2104 
619 2104 
620 2104 
621 2105 
622 2104 
623 2105 
624 2104 
625 2105 
626 2104 
627 2104 
628 2105 
629 2104 
630 2105 
631 2105 
632 2105 
633 2104 
634 2104 
635 2104 
636 2105 
637 2106 
638 2105 
639 2104 
640 2105 
641 2105 
642 2105 
643 2105 
644 2104 
645 2105 
646 2105 
647 2104 
648 2105 
649 2105 
650 2105 
651 2105 
652 2105 
653 2105 
654 2104 
655 2105 
656 2104 
657 2105 
658 2105 
659 2105 
660 2105 
661 2105 
662 2105 
663 2105 
664 2105 
665 2105 
666 2104 
667 2105 
668 2104 
669 2105 
670 2105 
671 2105 
672 2105 
673 2105 
674 2104 
675 2105 
676 2104 
677 2105 
678 2105 
679 2104 
680 2105 
681 2105 
682 2104 
683 2105 
684 2104 
685 2105 
686 2105 
687 2105 
688 2105 
689 2105 
690 2104 
691 2105 
692 2105 
693 2104 
694 2104 
695 2104 
696 2105 
697 2105 
698 2105 
699 2105 
700 2105 
701 2104 
702 2105 
703 2104 
704 2105 
705 2105 
706 2105 
707 2105 
708 2105 
709 2105 
710 2105 
711 2105 
712 2104 
713 2104 
714 2105 
715 2104 
716 2105 
717 2105 
718 2105 
719 2105 
720 2105 
721 2104 
722 2105 
723 2105 
724 2104 
725 2105 
726 2105 
727 2104 
728 2104 
729 2105 
730 2105 
731 2105 
732 2104 
733 2105 
734 2104 
735 2104 
736 2105 
737 2104 
738 2105 
739 2105 
740 2105 
741 2105 
742 2104 
743 2105 
744 2104 
745 2105 
746 2105 
747 2105 
748 2104 
749 2105 
750 2104 
751 2104 
752 2105 
753 2105 
754 2104 
755 2105 
756 2104 
757 2105 
758 2104 
759 2104 
760 2104 
761 2104 
762 2105 
763 2105 
764 2105 
765 2105 
766 2105 
767 2105 
768 2105 
769 2105 
770 2105 
771 2105 
772 2104 
773 2105 
774 2104 
775 2105 
776 2105 
777 2105 
778 2105 
779 2105 
780 2105 
781 2105 
782 2105 
783 2105 
784 2105 
785 2104 
786 2104 
787 2105 
788 2105 
789 2105 
790 2105 
791 2104 
792 2104 
793 2104 
794 2105 
795 2105 
796 2105 
797 2105 
798 2104 
799 2105 
800 2105 
801 2105 
802 2105 
803 2104 
804 2104 
805 2105 
806 2104 
807 2105 
808 2104 
809 2104 
810 2105 
811 2105 
812 2105 
813 2105 
814 2104 
815 2105 
816 2105 
817 2105 
818 2105 
819 2105 
820 2105 
821 2105 
822 2105 
823 2105 
824 2105 
825 2105 
826 2105 
827 2105 
828 2105 
829 2105 
830 2104 
831 2105 
832 2105 
833 2105 
834 2105 
835 2105 
836 2105 
837 2105 
838 2105 
839 2105 
840 2104 
841 2104 
842 2105 
843 2104 
844 2105 
845 2104 
846 2105 
847 2105 
848 2104 
849 2105 
850 2105 
851 2105 
852 2105 
853 2105 
854 2105 
855 2104 
856 2105 
857 2104 
858 2105 
859 2104 
860 2104 
861 2105 
862 2105 
863 2104 
864 2105 
865 2104 
866 2105 
867 2104 
868 2104 
869 2105 
870 2105 
871 2105 
872 2105 
873 2105 
874 2105 
875 2105 
876 2104 
877 2105 
878 2104 
879 2105 
880 2105 
881 2104 
882 2105 
883 2105 
884 2104 
885 2105 
886 2104 
887 2105 
888 2105 
889 2105 
890 2104 
891 2104 
892 2105 
893 2105 
894 2104 
895 2104 
896 2105 
897 2105 
898 2104 
899 2105 
900 2104 
901 2105 
902 2104 
903 2104 
904 2105 
905 2104 
906 2105 
907 2104 
908 2104 
909 2104 
910 2104 
911 2104 
912 2105 
913 2105 
914 2105 
915 2104 
916 2104 
917 2105 
918 2104 
919 2105 
920 2105 
921 2104 
922 2105 
923 2105 
924 2104 
925 2105 
926 2105 
927 2105 
928 2105 
929 2104 
930 2105 
931 2104 
932 2104 
933 2105 
934 2104 
935 2105 
936 2104 
937 2104 
938 2104 
939 2104 
940 2105 
941 2104 
942 2105 
943 2105 
944 2105 
945 2104 
946 2105 
947 2104 
948 2105 
949 2105 
950 2105 
951 2105 
952 2104 
953 2105 
954 2105 
955 2104 
956 2105 
957 2105 
958 2105 
959 2105 
960 2105 
961 2104 
962 2105 
963 2105 
964 2105 
965 2105 
966 2105 
967 2104 
968 2105 
969 2105 
970 2105 
971 2104 
972 2105 
973 2105 
974 2105 
975 2105 
976 2104 
977 2104 
978 2104 
979 2104 
980 2105 
981 2105 
982 2104 
983 2104 
984 2105 
985 2105 
986 2104 
987 2105 
988 2105 
989 2105 
990 2105 
991 2104 
992 2104 
993 2105 
994 2104 
995 2104 
996 2105 
997 2105 
998 2105 
999 2105 
1000 2105 
1001 2104 
1002 2105 
1003 2104 
1004 2104 
1005 2105 
1006 2104 
1007 2105 
1008 2105 
1009 2105 
1010 2104 
1011 2104 
1012 2105 
1013 2105 
1014 2104 
1015 2104 
1016 2105 
1017 2104 
1018 2104 
1019 2105 
1020 2104 
1021 2104 
1022 2105 
1023 2105 
1024 2105 
1025 2104 
1026 2105 
1027 2105 
1028 2105 
1029 2105 
1030 2105 
1031 2105 
