1 2315 
2 2315 
3 2315 
4 2315 
5 2315 
6 2315 
7 2315 
8 2314 
9 2314 
10 2314 
11 2315 
12 2315 
13 2315 
14 2315 
15 2315 
16 2315 
17 2315 
18 2315 
19 2314 
20 2315 
21 2315 
22 2315 
23 2315 
24 2314 
25 2315 
26 2315 
27 2315 
28 2315 
29 2315 
30 2315 
31 2316 
32 2315 
33 2315 
34 2315 
35 2315 
36 2315 
37 2315 
38 2315 
39 2315 
40 2315 
41 2315 
42 2314 
43 2315 
44 2314 
45 2315 
46 2315 
47 2315 
48 2314 
49 2314 
50 2315 
51 2315 
52 2315 
53 2315 
54 2315 
55 2315 
56 2315 
57 2315 
58 2314 
59 2314 
60 2315 
61 2315 
62 2315 
63 2315 
64 2315 
65 2315 
66 2315 
67 2315 
68 2315 
69 2314 
70 2316 
71 2315 
72 2315 
73 2315 
74 2315 
75 2315 
76 2315 
77 2314 
78 2315 
79 2314 
80 2315 
81 2315 
82 2315 
83 2315 
84 2315 
85 2315 
86 2315 
87 2315 
88 2315 
89 2315 
90 2315 
91 2315 
92 2315 
93 2316 
94 2315 
95 2315 
96 2315 
97 2315 
98 2315 
99 2315 
100 2315 
101 2315 
102 2315 
103 2315 
104 2315 
105 2315 
106 2316 
107 2315 
108 2315 
109 2315 
110 2315 
111 2316 
112 2315 
113 2315 
114 2315 
115 2315 
116 2315 
117 2315 
118 2315 
119 2315 
120 2315 
121 2315 
122 2315 
123 2316 
124 2316 
125 2315 
126 2315 
127 2315 
128 2315 
129 2315 
130 2315 
131 2315 
132 2315 
133 2315 
134 2314 
135 2315 
136 2315 
137 2315 
138 2315 
139 2315 
140 2315 
141 2315 
142 2315 
143 2315 
144 2315 
145 2314 
146 2315 
147 2315 
148 2315 
149 2315 
150 2315 
151 2316 
152 2315 
153 2315 
154 2315 
155 2315 
156 2315 
157 2315 
158 2315 
159 2315 
160 2315 
161 2315 
162 2315 
163 2315 
164 2315 
165 2315 
166 2315 
167 2315 
168 2315 
169 2315 
170 2315 
171 2315 
172 2315 
173 2315 
174 2315 
175 2315 
176 2315 
177 2315 
178 2315 
179 2315 
180 2315 
181 2315 
182 2315 
183 2315 
184 2315 
185 2315 
186 2315 
187 2315 
188 2315 
189 2314 
190 2315 
191 2315 
192 2315 
193 2315 
194 2315 
195 2315 
196 2315 
197 2315 
198 2315 
199 2315 
200 2315 
201 2316 
202 2314 
203 2316 
204 2315 
205 2315 
206 2314 
207 2315 
208 2314 
209 2315 
210 2315 
211 2315 
212 2315 
213 2316 
214 2315 
215 2315 
216 2315 
217 2315 
218 2315 
219 2315 
220 2315 
221 2315 
222 2315 
223 2314 
224 2315 
225 2315 
226 2315 
227 2314 
228 2315 
229 2315 
230 2315 
231 2315 
232 2316 
233 2315 
234 2315 
235 2315 
236 2315 
237 2315 
238 2314 
239 2315 
240 2314 
241 2315 
242 2315 
243 2315 
244 2315 
245 2315 
246 2314 
247 2315 
248 2315 
249 2316 
250 2315 
251 2315 
252 2315 
253 2315 
254 2314 
255 2314 
256 2315 
257 2315 
258 2315 
259 2315 
260 2315 
261 2315 
262 2315 
263 2315 
264 2315 
265 2315 
266 2315 
267 2315 
268 2315 
269 2314 
270 2315 
271 2315 
272 2315 
273 2315 
274 2315 
275 2315 
276 2315 
277 2315 
278 2315 
279 2315 
280 2316 
281 2315 
282 2314 
283 2315 
284 2315 
285 2315 
286 2315 
287 2315 
288 2315 
289 2315 
290 2314 
291 2315 
292 2315 
293 2315 
294 2316 
295 2315 
296 2315 
297 2315 
298 2315 
299 2315 
300 2315 
301 2315 
302 2315 
303 2315 
304 2315 
305 2315 
306 2314 
307 2315 
308 2315 
309 2314 
310 2315 
311 2315 
312 2315 
313 2315 
314 2315 
315 2315 
316 2315 
317 2315 
318 2315 
319 2315 
320 2315 
321 2315 
322 2315 
323 2315 
324 2315 
325 2315 
326 2315 
327 2315 
328 2315 
329 2315 
330 2314 
331 2315 
332 2316 
333 2314 
334 2315 
335 2315 
336 2315 
337 2315 
338 2315 
339 2315 
340 2315 
341 2315 
342 2315 
343 2315 
344 2314 
345 2315 
346 2315 
347 2315 
348 2315 
349 2314 
350 2315 
351 2315 
352 2315 
353 2315 
354 2315 
355 2315 
356 2315 
357 2315 
358 2315 
359 2315 
360 2315 
361 2315 
362 2315 
363 2315 
364 2316 
365 2316 
366 2315 
367 2314 
368 2315 
369 2315 
370 2315 
371 2314 
372 2314 
373 2315 
374 2314 
375 2315 
376 2315 
377 2315 
378 2314 
379 2315 
380 2315 
381 2315 
382 2315 
383 2315 
384 2315 
385 2315 
386 2315 
387 2315 
388 2315 
389 2315 
390 2315 
391 2315 
392 2315 
393 2315 
394 2315 
395 2315 
396 2315 
397 2315 
398 2315 
399 2315 
400 2315 
401 2315 
402 2315 
403 2315 
404 2315 
405 2315 
406 2315 
407 2315 
408 2315 
409 2315 
410 2315 
411 2316 
412 2315 
413 2315 
414 2316 
415 2315 
416 2315 
417 2315 
418 2315 
419 2315 
420 2315 
421 2315 
422 2315 
423 2315 
424 2315 
425 2315 
426 2315 
427 2315 
428 2315 
429 2315 
430 2315 
431 2315 
432 2315 
433 2315 
434 2315 
435 2314 
436 2315 
437 2315 
438 2315 
439 2314 
440 2315 
441 2315 
442 2315 
443 2315 
444 2315 
445 2315 
446 2315 
447 2316 
448 2315 
449 2314 
450 2315 
451 2315 
452 2315 
453 2315 
454 2315 
455 2315 
456 2315 
457 2314 
458 2316 
459 2315 
460 2315 
461 2315 
462 2315 
463 2315 
464 2315 
465 2316 
466 2315 
467 2315 
468 2315 
469 2314 
470 2315 
471 2315 
472 2315 
473 2315 
474 2315 
475 2316 
476 2315 
477 2315 
478 2315 
479 2314 
480 2315 
481 2314 
482 2315 
483 2315 
484 2315 
485 2314 
486 2315 
487 2315 
488 2315 
489 2315 
490 2315 
491 2315 
492 2315 
493 2315 
494 2314 
495 2314 
496 2314 
497 2315 
498 2315 
499 2315 
500 2315 
501 2314 
502 2315 
503 2314 
504 2314 
505 2315 
506 2315 
507 2315 
508 2315 
509 2314 
510 2315 
511 2315 
512 2314 
513 2314 
514 2315 
515 2315 
516 2315 
517 2315 
518 2315 
519 2314 
520 2315 
521 2314 
522 2315 
523 2315 
524 2315 
525 2314 
526 2315 
527 2314 
528 2314 
529 2314 
530 2315 
531 2315 
532 2315 
533 2315 
534 2314 
535 2315 
536 2315 
537 2315 
538 2315 
539 2315 
540 2315 
541 2315 
542 2315 
543 2315 
544 2315 
545 2315 
546 2316 
547 2315 
548 2314 
549 2315 
550 2315 
551 2315 
552 2315 
553 2315 
554 2315 
555 2315 
556 2315 
557 2315 
558 2314 
559 2315 
560 2315 
561 2314 
562 2315 
563 2316 
564 2315 
565 2315 
566 2314 
567 2315 
568 2315 
569 2315 
570 2315 
571 2315 
572 2315 
573 2315 
574 2315 
575 2315 
576 2315 
577 2315 
578 2315 
579 2315 
580 2315 
581 2315 
582 2314 
583 2315 
584 2315 
585 2315 
586 2315 
587 2315 
588 2315 
589 2315 
590 2315 
591 2315 
592 2315 
593 2315 
594 2315 
595 2315 
596 2315 
597 2315 
598 2315 
599 2315 
600 2315 
601 2315 
602 2315 
603 2315 
604 2314 
605 2315 
606 2315 
607 2315 
608 2315 
609 2315 
610 2315 
611 2316 
612 2315 
613 2315 
614 2315 
615 2315 
616 2315 
617 2315 
618 2315 
619 2315 
620 2314 
621 2315 
622 2315 
623 2315 
624 2315 
625 2315 
626 2315 
627 2315 
628 2315 
629 2315 
630 2315 
631 2315 
632 2315 
633 2315 
634 2314 
635 2315 
636 2315 
637 2315 
638 2315 
639 2315 
640 2315 
641 2315 
642 2315 
643 2314 
644 2315 
645 2315 
646 2315 
647 2315 
648 2315 
649 2315 
650 2315 
651 2315 
652 2315 
653 2315 
654 2315 
655 2315 
656 2315 
657 2315 
658 2315 
659 2314 
660 2315 
661 2315 
662 2314 
663 2315 
664 2315 
665 2315 
666 2315 
667 2315 
668 2315 
669 2315 
670 2315 
671 2315 
672 2315 
673 2314 
674 2314 
675 2314 
676 2315 
677 2315 
678 2315 
679 2315 
680 2315 
681 2315 
682 2315 
683 2315 
684 2315 
685 2314 
686 2315 
687 2315 
688 2315 
689 2315 
690 2315 
691 2315 
692 2315 
693 2315 
694 2314 
695 2315 
696 2315 
697 2315 
698 2315 
699 2314 
700 2315 
701 2315 
702 2315 
703 2315 
704 2315 
705 2315 
706 2315 
707 2315 
708 2314 
709 2315 
710 2315 
711 2315 
712 2316 
713 2316 
714 2315 
715 2314 
716 2315 
717 2316 
718 2316 
719 2315 
720 2315 
721 2314 
722 2315 
723 2315 
724 2315 
725 2315 
726 2315 
727 2314 
728 2315 
729 2315 
730 2315 
731 2314 
732 2315 
733 2315 
734 2315 
735 2315 
736 2315 
737 2315 
738 2315 
739 2314 
740 2315 
741 2315 
742 2315 
743 2315 
744 2315 
745 2315 
746 2315 
747 2314 
748 2315 
749 2315 
750 2315 
751 2315 
752 2315 
753 2315 
754 2315 
755 2314 
756 2315 
757 2316 
758 2315 
759 2316 
760 2315 
761 2315 
762 2315 
763 2315 
764 2315 
765 2315 
766 2316 
767 2315 
768 2314 
769 2315 
770 2315 
771 2315 
772 2315 
773 2315 
774 2315 
775 2315 
776 2315 
777 2315 
778 2315 
779 2315 
780 2315 
781 2315 
782 2314 
783 2315 
784 2315 
785 2315 
786 2315 
787 2315 
788 2315 
789 2315 
790 2315 
791 2315 
792 2315 
793 2315 
794 2315 
795 2315 
796 2315 
797 2315 
798 2315 
799 2315 
800 2315 
801 2315 
802 2315 
803 2316 
804 2315 
805 2315 
806 2315 
807 2315 
808 2315 
809 2315 
810 2315 
811 2316 
812 2314 
813 2315 
814 2315 
815 2315 
816 2315 
817 2315 
818 2315 
819 2315 
820 2315 
821 2315 
822 2314 
823 2315 
824 2315 
825 2315 
826 2315 
827 2315 
828 2315 
829 2315 
830 2315 
831 2315 
832 2316 
833 2315 
834 2315 
835 2315 
836 2315 
837 2315 
838 2315 
839 2315 
840 2314 
841 2315 
842 2315 
843 2315 
844 2315 
845 2315 
846 2314 
847 2314 
848 2314 
849 2315 
850 2315 
851 2314 
852 2315 
853 2315 
854 2314 
855 2315 
856 2314 
857 2316 
858 2316 
859 2314 
860 2316 
861 2315 
862 2315 
863 2315 
864 2315 
865 2315 
866 2314 
867 2315 
868 2315 
869 2314 
870 2314 
871 2315 
872 2314 
873 2315 
874 2315 
875 2315 
876 2315 
877 2315 
878 2314 
879 2315 
880 2315 
881 2315 
882 2315 
883 2315 
884 2314 
885 2315 
886 2314 
887 2315 
888 2315 
889 2315 
890 2315 
891 2315 
892 2315 
893 2315 
894 2315 
895 2315 
896 2315 
897 2315 
898 2315 
899 2315 
900 2314 
901 2314 
902 2315 
903 2315 
904 2314 
905 2314 
906 2315 
907 2315 
908 2315 
909 2314 
910 2314 
911 2315 
912 2315 
913 2316 
914 2315 
915 2315 
916 2315 
917 2314 
918 2315 
919 2315 
920 2314 
921 2315 
922 2314 
923 2314 
924 2315 
925 2314 
926 2315 
927 2315 
928 2315 
929 2315 
930 2315 
931 2315 
932 2315 
933 2314 
934 2315 
935 2315 
936 2315 
937 2315 
938 2315 
939 2314 
940 2315 
941 2314 
942 2315 
943 2315 
944 2315 
945 2315 
946 2315 
947 2315 
948 2314 
949 2315 
950 2315 
951 2315 
952 2315 
953 2315 
954 2315 
955 2315 
956 2315 
957 2314 
958 2315 
959 2315 
960 2315 
961 2315 
962 2315 
963 2315 
964 2315 
965 2315 
966 2316 
967 2315 
968 2315 
969 2314 
970 2315 
971 2315 
972 2315 
973 2315 
974 2315 
975 2315 
976 2314 
977 2315 
978 2316 
979 2315 
980 2315 
981 2314 
982 2315 
983 2315 
984 2315 
985 2315 
986 2315 
987 2314 
988 2315 
989 2314 
990 2315 
991 2315 
992 2315 
993 2315 
994 2314 
995 2315 
996 2316 
997 2314 
998 2315 
999 2315 
1000 2315 
1001 2315 
1002 2315 
1003 2315 
1004 2315 
1005 2315 
1006 2315 
1007 2315 
1008 2315 
1009 2315 
1010 2315 
1011 2315 
1012 2315 
1013 2315 
1014 2315 
1015 2315 
1016 2315 
1017 2315 
1018 2315 
1019 2315 
1020 2315 
1021 2315 
1022 2315 
1023 2315 
1024 2315 
1025 2315 
1026 2315 
1027 2315 
1028 2314 
1029 2314 
1030 2315 
1031 2315 
1032 2315 
1033 2314 
1034 2316 
1035 2315 
1036 2315 
1037 2315 
1038 2315 
1039 2315 
1040 2314 
1041 2315 
1042 2314 
1043 2315 
1044 2315 
1045 2315 
1046 2316 
1047 2315 
1048 2315 
1049 2315 
1050 2315 
1051 2315 
1052 2315 
1053 2315 
1054 2315 
1055 2316 
1056 2314 
1057 2315 
1058 2314 
1059 2315 
1060 2315 
1061 2314 
1062 2315 
1063 2315 
1064 2315 
1065 2315 
1066 2314 
1067 2315 
1068 2315 
1069 2315 
1070 2314 
1071 2315 
1072 2315 
1073 2315 
1074 2314 
1075 2315 
1076 2315 
1077 2315 
1078 2315 
1079 2315 
1080 2315 
1081 2315 
1082 2315 
1083 2314 
1084 2315 
1085 2315 
1086 2316 
1087 2315 
1088 2315 
1089 2315 
1090 2316 
