1 2506 
2 2506 
3 2506 
4 2506 
5 2506 
6 2506 
7 2506 
8 2505 
9 2506 
10 2506 
11 2505 
12 2506 
13 2506 
14 2506 
15 2506 
16 2506 
17 2506 
18 2506 
19 2506 
20 2506 
21 2506 
22 2506 
23 2506 
24 2506 
25 2505 
26 2505 
27 2506 
28 2506 
29 2506 
30 2506 
31 2506 
32 2507 
33 2505 
34 2506 
35 2505 
36 2506 
37 2506 
38 2506 
39 2506 
40 2507 
41 2506 
42 2507 
43 2506 
44 2506 
45 2506 
46 2505 
47 2505 
48 2506 
49 2506 
50 2506 
51 2505 
52 2506 
53 2506 
54 2507 
55 2506 
56 2506 
57 2506 
58 2506 
59 2506 
60 2506 
61 2506 
62 2506 
63 2506 
64 2506 
65 2506 
66 2506 
67 2505 
68 2506 
69 2506 
70 2506 
71 2506 
72 2506 
73 2506 
74 2507 
75 2506 
76 2506 
77 2506 
78 2506 
79 2506 
80 2506 
81 2506 
82 2506 
83 2505 
84 2506 
85 2506 
86 2506 
87 2506 
88 2507 
89 2506 
90 2506 
91 2506 
92 2506 
93 2506 
94 2506 
95 2506 
96 2506 
97 2507 
98 2506 
99 2506 
100 2506 
101 2506 
102 2506 
103 2506 
104 2506 
105 2506 
106 2506 
107 2506 
108 2506 
109 2506 
110 2505 
111 2506 
112 2506 
113 2506 
114 2506 
115 2506 
116 2506 
117 2506 
118 2506 
119 2506 
120 2506 
121 2506 
122 2506 
123 2506 
124 2506 
125 2507 
126 2506 
127 2506 
128 2506 
129 2506 
130 2506 
131 2506 
132 2506 
133 2506 
134 2506 
135 2506 
136 2506 
137 2506 
138 2506 
139 2507 
140 2506 
141 2505 
142 2506 
143 2506 
144 2506 
145 2506 
146 2507 
147 2506 
148 2505 
149 2506 
150 2505 
151 2506 
152 2506 
153 2506 
154 2506 
155 2506 
156 2506 
157 2506 
158 2506 
159 2506 
160 2506 
161 2506 
162 2506 
163 2507 
164 2506 
165 2506 
166 2506 
167 2506 
168 2506 
169 2506 
170 2506 
171 2506 
172 2506 
173 2506 
174 2506 
175 2506 
176 2505 
177 2506 
178 2506 
179 2506 
180 2506 
181 2506 
182 2506 
183 2506 
184 2506 
185 2506 
186 2506 
187 2505 
188 2506 
189 2506 
190 2505 
191 2506 
192 2506 
193 2506 
194 2506 
195 2506 
196 2506 
197 2506 
198 2506 
199 2506 
200 2506 
201 2506 
202 2506 
203 2506 
204 2506 
205 2506 
206 2506 
207 2506 
208 2506 
209 2506 
210 2506 
211 2506 
212 2506 
213 2506 
214 2506 
215 2507 
216 2506 
217 2506 
218 2506 
219 2506 
220 2506 
221 2506 
222 2506 
223 2506 
224 2506 
225 2506 
226 2506 
227 2506 
228 2506 
229 2506 
230 2506 
231 2506 
232 2506 
233 2506 
234 2506 
235 2506 
236 2505 
237 2505 
238 2506 
239 2506 
240 2506 
241 2505 
242 2506 
243 2506 
244 2506 
245 2506 
246 2506 
247 2506 
248 2506 
249 2506 
250 2506 
251 2506 
252 2506 
253 2506 
254 2506 
255 2506 
256 2506 
257 2506 
258 2506 
259 2506 
260 2506 
261 2505 
262 2506 
263 2506 
264 2506 
265 2506 
266 2506 
267 2505 
268 2506 
269 2506 
270 2505 
271 2506 
272 2506 
273 2506 
274 2506 
275 2506 
276 2506 
277 2506 
278 2506 
279 2506 
280 2506 
281 2506 
282 2506 
283 2506 
284 2505 
285 2506 
286 2506 
287 2505 
288 2506 
289 2506 
290 2506 
291 2506 
292 2506 
293 2507 
294 2506 
295 2506 
296 2506 
297 2505 
298 2506 
299 2506 
300 2506 
301 2506 
302 2506 
303 2506 
304 2506 
305 2506 
306 2505 
307 2505 
308 2506 
309 2506 
310 2506 
311 2506 
312 2506 
313 2505 
314 2506 
315 2505 
316 2506 
317 2507 
318 2506 
319 2506 
320 2505 
321 2506 
322 2506 
323 2506 
324 2506 
325 2506 
326 2506 
327 2506 
328 2506 
329 2506 
330 2506 
331 2506 
332 2506 
333 2506 
334 2505 
335 2506 
336 2506 
337 2506 
338 2506 
339 2506 
340 2505 
341 2506 
342 2506 
343 2505 
344 2506 
345 2506 
346 2506 
347 2506 
348 2506 
349 2505 
350 2506 
351 2506 
352 2506 
353 2507 
354 2506 
355 2505 
356 2506 
357 2506 
358 2505 
359 2507 
360 2506 
361 2506 
362 2506 
363 2505 
364 2506 
365 2506 
366 2506 
367 2505 
368 2505 
369 2506 
370 2506 
371 2506 
372 2506 
373 2506 
374 2505 
375 2506 
376 2505 
377 2506 
378 2506 
379 2506 
380 2506 
381 2506 
382 2506 
383 2506 
384 2505 
385 2506 
386 2506 
387 2506 
388 2506 
389 2506 
390 2506 
391 2506 
392 2506 
393 2506 
394 2506 
395 2506 
396 2506 
397 2505 
398 2507 
399 2506 
400 2505 
401 2506 
402 2506 
403 2506 
404 2507 
405 2505 
406 2505 
407 2506 
408 2506 
409 2506 
410 2506 
411 2505 
412 2506 
413 2506 
414 2506 
415 2506 
416 2505 
417 2505 
418 2506 
419 2506 
420 2506 
421 2506 
422 2506 
423 2505 
424 2505 
425 2506 
426 2506 
427 2506 
428 2506 
429 2505 
430 2505 
431 2505 
432 2506 
433 2505 
434 2507 
435 2506 
436 2506 
437 2505 
438 2506 
439 2506 
440 2506 
441 2506 
442 2507 
443 2506 
444 2506 
445 2506 
446 2506 
447 2506 
448 2506 
449 2506 
450 2506 
451 2505 
452 2506 
453 2505 
454 2505 
455 2506 
456 2505 
457 2506 
458 2506 
459 2506 
460 2506 
461 2505 
462 2506 
463 2505 
464 2506 
465 2506 
466 2506 
467 2506 
468 2506 
469 2505 
470 2505 
471 2505 
472 2506 
473 2506 
474 2506 
475 2506 
476 2505 
477 2505 
478 2506 
479 2506 
480 2506 
481 2506 
482 2506 
483 2506 
484 2505 
485 2506 
486 2505 
487 2506 
488 2506 
489 2506 
490 2506 
491 2506 
492 2505 
493 2506 
494 2505 
495 2506 
496 2505 
497 2505 
498 2506 
499 2506 
500 2506 
501 2505 
502 2506 
503 2506 
504 2506 
505 2506 
506 2506 
507 2506 
508 2506 
509 2505 
510 2506 
511 2506 
512 2506 
513 2506 
514 2506 
515 2506 
516 2505 
517 2505 
518 2506 
519 2506 
520 2506 
521 2506 
522 2506 
523 2506 
524 2506 
525 2506 
526 2506 
527 2506 
528 2506 
529 2506 
530 2506 
531 2505 
532 2506 
533 2506 
534 2506 
535 2507 
536 2505 
537 2506 
538 2506 
539 2505 
540 2506 
541 2506 
542 2506 
543 2506 
544 2506 
545 2506 
546 2505 
547 2506 
548 2505 
549 2505 
550 2506 
551 2506 
552 2506 
553 2506 
554 2506 
555 2506 
556 2506 
557 2506 
558 2505 
559 2506 
560 2506 
561 2506 
562 2505 
563 2506 
564 2506 
565 2506 
566 2506 
567 2506 
568 2506 
569 2506 
570 2506 
571 2506 
572 2506 
573 2506 
574 2506 
575 2506 
576 2506 
577 2506 
578 2506 
579 2505 
580 2506 
581 2506 
582 2506 
583 2506 
584 2506 
585 2506 
586 2506 
587 2505 
588 2506 
589 2506 
590 2506 
591 2506 
592 2506 
593 2505 
594 2506 
595 2506 
596 2506 
597 2506 
598 2506 
599 2506 
600 2506 
601 2506 
602 2505 
603 2506 
604 2506 
605 2505 
606 2506 
607 2506 
608 2506 
609 2506 
610 2506 
611 2506 
612 2506 
613 2506 
614 2506 
615 2506 
616 2506 
617 2506 
618 2506 
619 2505 
620 2506 
621 2506 
622 2506 
623 2506 
624 2506 
625 2506 
626 2506 
627 2506 
628 2506 
629 2506 
630 2506 
631 2506 
632 2506 
633 2506 
634 2507 
635 2507 
636 2506 
637 2506 
638 2506 
639 2506 
