1 2581 
2 2580 
3 2581 
4 2581 
5 2581 
6 2581 
7 2581 
8 2581 
9 2581 
10 2581 
11 2581 
12 2581 
13 2581 
14 2581 
15 2581 
16 2582 
17 2581 
18 2580 
19 2581 
20 2581 
21 2581 
22 2580 
23 2581 
24 2580 
25 2581 
26 2580 
27 2580 
28 2580 
29 2581 
30 2581 
31 2581 
32 2581 
33 2581 
34 2581 
35 2581 
36 2581 
37 2581 
38 2581 
39 2580 
40 2581 
41 2581 
42 2581 
43 2581 
44 2581 
45 2580 
46 2581 
47 2580 
48 2581 
49 2581 
50 2581 
51 2581 
52 2580 
53 2581 
54 2580 
55 2581 
56 2580 
57 2581 
58 2580 
59 2581 
60 2581 
61 2580 
62 2580 
63 2580 
64 2581 
65 2581 
66 2581 
67 2581 
68 2581 
69 2581 
70 2581 
71 2581 
72 2581 
73 2580 
74 2580 
75 2581 
76 2581 
77 2581 
78 2581 
79 2580 
80 2581 
81 2582 
82 2581 
83 2581 
84 2582 
85 2581 
86 2581 
87 2581 
88 2581 
89 2581 
90 2581 
91 2581 
92 2580 
93 2581 
94 2581 
95 2581 
96 2580 
97 2581 
98 2580 
99 2580 
100 2581 
101 2580 
102 2581 
103 2580 
104 2581 
105 2581 
106 2581 
107 2580 
108 2581 
109 2581 
110 2581 
111 2581 
112 2581 
113 2581 
114 2581 
115 2581 
116 2580 
117 2581 
118 2581 
119 2581 
120 2581 
121 2581 
122 2581 
123 2581 
124 2580 
125 2580 
126 2581 
127 2581 
128 2581 
129 2581 
130 2581 
131 2581 
132 2581 
133 2581 
134 2581 
135 2581 
136 2581 
137 2581 
138 2581 
139 2580 
140 2580 
141 2580 
142 2581 
143 2581 
144 2581 
145 2582 
146 2581 
147 2580 
148 2580 
149 2580 
150 2582 
151 2581 
152 2580 
153 2581 
154 2581 
155 2581 
156 2581 
157 2580 
158 2581 
159 2581 
160 2580 
161 2581 
162 2581 
163 2580 
164 2581 
165 2581 
166 2581 
167 2581 
168 2581 
169 2581 
170 2581 
171 2581 
172 2580 
173 2581 
174 2581 
175 2581 
176 2581 
177 2581 
178 2581 
179 2580 
180 2581 
181 2581 
182 2581 
183 2581 
184 2581 
185 2581 
186 2581 
187 2580 
188 2581 
189 2581 
190 2581 
191 2581 
192 2581 
193 2581 
194 2580 
195 2581 
196 2581 
197 2581 
198 2581 
199 2581 
200 2580 
201 2581 
202 2581 
203 2581 
204 2580 
205 2581 
206 2580 
207 2580 
208 2581 
209 2581 
210 2581 
211 2580 
212 2580 
213 2582 
214 2581 
215 2581 
216 2581 
217 2580 
218 2581 
219 2581 
220 2580 
221 2581 
222 2580 
223 2581 
224 2581 
225 2581 
226 2581 
227 2581 
228 2581 
229 2581 
230 2581 
231 2580 
232 2581 
233 2581 
234 2581 
235 2581 
236 2581 
237 2581 
238 2581 
239 2581 
240 2581 
241 2580 
242 2581 
243 2581 
244 2581 
245 2581 
246 2581 
247 2581 
248 2580 
249 2581 
250 2580 
251 2581 
252 2581 
253 2581 
254 2581 
255 2581 
256 2581 
257 2581 
258 2581 
259 2581 
260 2581 
261 2581 
262 2580 
263 2580 
264 2580 
265 2580 
266 2581 
267 2581 
268 2580 
269 2581 
270 2581 
271 2581 
272 2580 
273 2581 
274 2581 
275 2581 
276 2581 
277 2581 
278 2581 
279 2581 
280 2582 
281 2580 
282 2581 
283 2581 
284 2580 
285 2581 
286 2581 
287 2581 
288 2581 
289 2580 
290 2581 
291 2580 
292 2581 
293 2581 
294 2581 
295 2581 
296 2581 
297 2581 
298 2582 
299 2581 
300 2581 
301 2581 
302 2581 
303 2581 
304 2581 
305 2581 
306 2581 
307 2580 
308 2580 
309 2581 
310 2580 
311 2580 
312 2580 
313 2581 
314 2581 
315 2581 
316 2581 
317 2581 
318 2580 
319 2581 
320 2580 
321 2581 
322 2581 
323 2581 
324 2580 
325 2581 
326 2581 
327 2581 
328 2581 
329 2581 
330 2581 
331 2581 
332 2581 
333 2580 
334 2580 
335 2581 
336 2582 
337 2580 
338 2581 
339 2581 
340 2581 
341 2581 
342 2580 
343 2581 
344 2581 
345 2580 
346 2581 
347 2581 
348 2580 
349 2581 
350 2581 
351 2580 
352 2581 
353 2581 
354 2581 
355 2581 
356 2580 
357 2581 
358 2580 
359 2580 
360 2580 
361 2581 
362 2580 
363 2580 
364 2580 
365 2581 
366 2581 
367 2581 
368 2581 
369 2580 
370 2581 
371 2581 
372 2580 
373 2580 
374 2580 
375 2581 
376 2581 
377 2581 
378 2581 
379 2581 
380 2581 
381 2581 
382 2580 
383 2581 
384 2581 
385 2580 
386 2580 
387 2580 
388 2581 
389 2580 
390 2581 
391 2581 
392 2581 
393 2581 
394 2581 
395 2580 
396 2580 
397 2581 
398 2581 
399 2580 
400 2580 
401 2581 
402 2581 
403 2581 
404 2581 
405 2581 
406 2581 
407 2581 
408 2581 
409 2581 
410 2580 
411 2581 
412 2581 
413 2580 
414 2581 
415 2581 
416 2581 
417 2580 
418 2581 
419 2581 
420 2580 
421 2581 
422 2581 
423 2581 
424 2581 
425 2580 
426 2580 
427 2581 
428 2580 
429 2581 
430 2581 
431 2581 
432 2581 
433 2581 
434 2581 
435 2582 
436 2580 
437 2581 
438 2580 
439 2581 
440 2581 
441 2580 
442 2581 
443 2581 
444 2581 
445 2581 
446 2581 
447 2580 
448 2581 
449 2581 
450 2580 
451 2580 
452 2581 
453 2580 
454 2581 
455 2581 
456 2581 
457 2581 
458 2581 
459 2581 
460 2581 
461 2581 
462 2581 
463 2581 
464 2581 
465 2581 
466 2581 
467 2581 
468 2581 
469 2580 
470 2581 
471 2581 
472 2581 
473 2581 
474 2580 
475 2580 
476 2580 
477 2581 
478 2581 
479 2581 
480 2581 
481 2580 
482 2581 
483 2581 
484 2580 
485 2580 
486 2581 
487 2580 
488 2581 
489 2580 
490 2581 
491 2581 
492 2581 
493 2581 
494 2580 
495 2581 
496 2580 
497 2580 
498 2580 
499 2581 
500 2581 
501 2581 
502 2580 
503 2580 
504 2581 
505 2581 
506 2581 
507 2580 
508 2581 
509 2581 
510 2581 
511 2581 
512 2581 
513 2581 
514 2581 
515 2581 
516 2581 
517 2580 
518 2581 
519 2580 
520 2580 
521 2580 
522 2581 
523 2580 
524 2581 
525 2581 
526 2580 
527 2580 
528 2581 
529 2581 
530 2581 
531 2581 
532 2581 
533 2581 
534 2581 
535 2580 
536 2581 
537 2581 
538 2581 
539 2581 
540 2581 
541 2581 
542 2580 
543 2581 
544 2581 
545 2581 
