1 2743 
2 2743 
3 2742 
4 2742 
5 2742 
6 2742 
7 2743 
8 2743 
9 2742 
10 2743 
11 2742 
12 2743 
13 2743 
14 2742 
15 2743 
16 2742 
17 2743 
18 2743 
19 2742 
20 2743 
21 2742 
22 2743 
23 2742 
24 2742 
25 2743 
26 2742 
27 2742 
28 2743 
29 2742 
30 2743 
31 2742 
32 2742 
33 2743 
34 2743 
35 2742 
36 2743 
37 2743 
38 2743 
39 2743 
40 2742 
41 2743 
42 2743 
43 2742 
44 2742 
45 2742 
46 2743 
47 2743 
48 2742 
49 2743 
50 2743 
51 2743 
52 2743 
53 2743 
54 2742 
55 2743 
56 2743 
57 2743 
58 2743 
59 2742 
60 2742 
61 2742 
62 2742 
63 2743 
64 2743 
65 2743 
66 2743 
67 2743 
68 2743 
69 2742 
70 2742 
71 2742 
72 2742 
73 2742 
74 2743 
75 2742 
76 2742 
77 2742 
78 2742 
79 2742 
80 2742 
81 2742 
82 2743 
83 2743 
84 2743 
85 2742 
86 2743 
87 2743 
88 2743 
89 2743 
90 2743 
91 2742 
92 2742 
93 2742 
94 2743 
95 2742 
96 2742 
97 2743 
98 2743 
99 2743 
100 2743 
101 2743 
102 2743 
103 2742 
104 2743 
105 2742 
106 2742 
107 2743 
108 2743 
109 2743 
110 2743 
111 2742 
112 2743 
113 2743 
114 2743 
115 2743 
116 2743 
117 2742 
118 2743 
119 2743 
120 2742 
121 2742 
122 2743 
123 2742 
124 2743 
125 2743 
126 2743 
127 2742 
128 2742 
129 2743 
130 2743 
131 2743 
132 2743 
133 2742 
134 2743 
135 2743 
136 2743 
137 2743 
138 2742 
139 2742 
140 2743 
141 2743 
142 2742 
143 2742 
144 2743 
145 2742 
146 2743 
147 2742 
148 2743 
149 2743 
150 2742 
151 2743 
152 2742 
153 2743 
154 2743 
155 2743 
156 2742 
157 2743 
158 2743 
159 2743 
160 2743 
161 2742 
162 2742 
163 2743 
164 2743 
165 2743 
166 2743 
167 2743 
168 2743 
169 2743 
170 2742 
171 2742 
172 2743 
173 2742 
174 2742 
175 2743 
176 2742 
177 2743 
178 2742 
179 2743 
180 2743 
181 2743 
182 2742 
183 2742 
184 2742 
185 2742 
186 2743 
187 2743 
188 2743 
189 2742 
190 2742 
191 2743 
192 2742 
193 2743 
194 2743 
195 2742 
196 2743 
197 2742 
198 2743 
199 2742 
200 2743 
201 2742 
202 2743 
203 2743 
204 2743 
205 2742 
206 2743 
207 2742 
208 2742 
209 2743 
210 2742 
211 2742 
212 2743 
213 2743 
214 2743 
215 2742 
216 2743 
217 2743 
218 2742 
219 2743 
220 2742 
221 2743 
222 2743 
223 2743 
224 2743 
225 2743 
226 2742 
227 2743 
228 2742 
229 2742 
230 2743 
231 2743 
232 2742 
233 2742 
234 2742 
235 2743 
236 2743 
237 2742 
238 2742 
239 2743 
240 2743 
241 2743 
242 2742 
243 2742 
244 2743 
245 2742 
246 2743 
247 2743 
248 2742 
249 2742 
250 2742 
251 2743 
252 2742 
253 2742 
254 2742 
255 2743 
256 2743 
257 2743 
258 2742 
259 2743 
260 2743 
261 2743 
262 2743 
263 2743 
264 2742 
265 2743 
266 2742 
267 2742 
268 2743 
269 2743 
270 2742 
271 2743 
272 2743 
273 2743 
274 2742 
275 2743 
276 2743 
277 2742 
278 2743 
279 2742 
280 2743 
281 2742 
282 2742 
283 2742 
284 2742 
285 2742 
286 2742 
287 2742 
288 2743 
289 2742 
290 2742 
291 2742 
292 2743 
293 2743 
294 2742 
295 2742 
296 2742 
297 2742 
298 2742 
299 2743 
300 2742 
301 2743 
302 2742 
303 2743 
304 2742 
305 2743 
306 2742 
307 2743 
308 2743 
309 2742 
310 2742 
311 2743 
312 2743 
313 2742 
314 2743 
315 2742 
316 2743 
317 2742 
318 2742 
319 2742 
320 2743 
321 2743 
322 2742 
323 2742 
324 2743 
325 2742 
326 2742 
327 2742 
328 2743 
329 2742 
330 2742 
331 2743 
332 2743 
333 2743 
334 2743 
335 2742 
336 2743 
337 2743 
338 2742 
339 2743 
340 2742 
341 2743 
342 2743 
343 2742 
344 2743 
345 2742 
346 2742 
347 2743 
348 2743 
349 2742 
350 2742 
351 2742 
352 2742 
353 2743 
354 2742 
355 2743 
356 2742 
357 2742 
358 2743 
359 2742 
360 2743 
361 2742 
362 2743 
363 2743 
364 2743 
365 2743 
366 2743 
367 2743 
368 2743 
369 2742 
370 2742 
371 2742 
372 2743 
373 2742 
374 2742 
375 2742 
376 2743 
377 2743 
378 2743 
379 2743 
380 2742 
381 2742 
382 2742 
383 2742 
384 2743 
385 2743 
386 2742 
387 2742 
388 2743 
389 2743 
390 2742 
391 2742 
392 2742 
393 2743 
394 2742 
395 2742 
396 2743 
397 2742 
398 2742 
399 2742 
400 2742 
401 2743 
402 2742 
403 2742 
404 2742 
405 2742 
406 2743 
407 2742 
408 2742 
409 2743 
410 2742 
411 2743 
412 2742 
413 2742 
414 2742 
415 2743 
416 2743 
417 2743 
418 2742 
419 2742 
420 2742 
421 2742 
422 2742 
423 2742 
424 2743 
425 2742 
426 2742 
427 2742 
428 2742 
429 2743 
430 2743 
431 2742 
432 2742 
433 2743 
434 2742 
435 2742 
436 2742 
437 2743 
438 2742 
439 2742 
440 2743 
441 2743 
442 2742 
443 2742 
444 2742 
445 2742 
446 2742 
447 2742 
448 2743 
449 2742 
450 2743 
451 2743 
452 2742 
453 2742 
454 2742 
455 2742 
456 2742 
457 2743 
458 2743 
459 2743 
460 2742 
461 2743 
462 2743 
463 2742 
464 2742 
465 2742 
466 2743 
467 2742 
468 2743 
469 2743 
470 2742 
471 2742 
472 2743 
473 2742 
474 2743 
475 2742 
476 2742 
477 2742 
478 2742 
479 2742 
480 2743 
481 2742 
482 2742 
483 2742 
484 2742 
485 2742 
486 2743 
487 2742 
488 2742 
489 2743 
490 2743 
491 2743 
492 2743 
493 2742 
494 2742 
495 2743 
496 2743 
497 2742 
498 2743 
499 2743 
500 2742 
501 2742 
502 2743 
503 2743 
504 2742 
505 2742 
506 2742 
507 2743 
508 2743 
509 2742 
510 2743 
511 2742 
512 2742 
513 2742 
514 2742 
515 2743 
516 2743 
517 2743 
518 2742 
519 2742 
520 2743 
521 2742 
522 2742 
523 2743 
524 2742 
525 2743 
526 2743 
527 2742 
528 2743 
529 2743 
530 2742 
531 2742 
532 2743 
533 2742 
534 2743 
535 2743 
536 2742 
537 2742 
538 2742 
539 2742 
540 2743 
541 2743 
542 2743 
543 2742 
544 2743 
545 2742 
546 2743 
547 2743 
548 2742 
549 2743 
550 2743 
551 2742 
552 2742 
553 2742 
554 2743 
555 2743 
556 2743 
557 2742 
558 2742 
559 2743 
560 2743 
561 2743 
562 2743 
563 2742 
564 2743 
565 2742 
566 2743 
567 2742 
568 2743 
569 2742 
570 2742 
571 2743 
572 2742 
573 2743 
574 2742 
575 2743 
576 2743 
577 2742 
578 2742 
579 2742 
580 2742 
581 2742 
582 2742 
583 2743 
584 2742 
585 2742 
586 2743 
587 2743 
588 2743 
589 2742 
590 2743 
591 2742 
592 2742 
593 2742 
594 2743 
595 2742 
596 2742 
597 2742 
