1 3231 
2 3231 
3 3231 
4 3231 
5 3231 
6 3230 
7 3231 
8 3231 
9 3231 
10 3231 
11 3232 
12 3231 
13 3232 
14 3231 
15 3231 
16 3231 
17 3231 
18 3231 
19 3231 
20 3231 
21 3231 
22 3231 
23 3231 
24 3231 
25 3231 
26 3232 
27 3231 
28 3231 
29 3231 
30 3231 
31 3231 
32 3231 
33 3232 
34 3231 
35 3230 
36 3231 
37 3232 
38 3231 
39 3231 
40 3231 
41 3232 
42 3231 
43 3231 
44 3231 
45 3231 
46 3231 
47 3231 
48 3231 
49 3232 
50 3231 
51 3231 
52 3231 
53 3231 
54 3231 
55 3231 
56 3231 
57 3231 
58 3231 
59 3231 
60 3231 
61 3231 
62 3231 
63 3231 
64 3232 
65 3231 
66 3231 
67 3231 
68 3231 
69 3231 
70 3231 
71 3231 
72 3232 
73 3231 
74 3231 
75 3231 
76 3231 
77 3231 
78 3231 
79 3231 
80 3231 
81 3231 
82 3231 
83 3232 
84 3231 
85 3231 
86 3231 
87 3231 
88 3231 
89 3232 
90 3232 
91 3231 
92 3231 
93 3231 
94 3231 
95 3231 
96 3231 
97 3231 
98 3232 
99 3231 
100 3231 
101 3231 
102 3231 
103 3231 
104 3232 
105 3231 
106 3231 
107 3231 
108 3231 
109 3231 
110 3231 
111 3230 
112 3231 
113 3231 
114 3231 
115 3231 
116 3231 
117 3231 
118 3231 
119 3231 
120 3232 
121 3231 
122 3231 
123 3231 
124 3231 
125 3231 
126 3231 
127 3231 
128 3231 
129 3231 
130 3231 
131 3231 
132 3230 
133 3231 
134 3231 
135 3231 
136 3231 
137 3231 
138 3231 
139 3231 
140 3231 
141 3230 
142 3231 
143 3231 
144 3231 
145 3231 
146 3231 
147 3231 
148 3231 
149 3231 
150 3231 
151 3231 
152 3230 
153 3231 
154 3231 
155 3231 
156 3232 
157 3231 
158 3231 
159 3231 
160 3231 
161 3230 
162 3231 
163 3231 
164 3231 
165 3231 
166 3231 
167 3231 
168 3231 
169 3232 
170 3230 
171 3231 
172 3231 
173 3231 
174 3231 
175 3231 
176 3231 
177 3231 
178 3231 
179 3231 
180 3231 
181 3231 
182 3231 
183 3231 
184 3231 
185 3231 
186 3230 
187 3231 
188 3230 
189 3231 
190 3231 
191 3231 
192 3231 
193 3231 
194 3231 
195 3231 
196 3231 
197 3231 
198 3231 
199 3231 
200 3231 
201 3230 
202 3231 
203 3231 
204 3231 
205 3231 
206 3230 
207 3231 
208 3230 
209 3231 
210 3231 
211 3231 
212 3231 
213 3231 
214 3232 
215 3231 
216 3231 
217 3231 
218 3231 
219 3231 
220 3231 
221 3231 
222 3231 
223 3231 
224 3231 
225 3231 
226 3231 
227 3231 
228 3231 
229 3231 
230 3231 
231 3231 
232 3231 
233 3231 
234 3231 
235 3231 
236 3231 
237 3231 
238 3231 
239 3231 
240 3230 
241 3231 
242 3231 
243 3230 
244 3230 
245 3231 
246 3231 
247 3231 
248 3231 
249 3230 
250 3231 
251 3231 
252 3231 
253 3231 
254 3231 
255 3231 
256 3231 
257 3230 
258 3231 
259 3232 
260 3230 
261 3231 
262 3231 
263 3230 
264 3231 
265 3230 
266 3231 
267 3231 
268 3231 
269 3231 
270 3231 
271 3231 
272 3230 
273 3231 
274 3231 
275 3231 
276 3231 
277 3231 
278 3231 
279 3231 
280 3231 
281 3231 
282 3231 
283 3231 
284 3231 
285 3231 
286 3231 
287 3230 
288 3231 
289 3230 
290 3231 
291 3230 
292 3231 
293 3231 
294 3231 
295 3231 
296 3230 
297 3231 
298 3231 
299 3231 
300 3231 
301 3231 
302 3231 
303 3231 
304 3231 
305 3231 
306 3232 
307 3231 
308 3230 
309 3231 
310 3231 
311 3231 
312 3230 
313 3231 
314 3230 
315 3231 
316 3231 
317 3231 
318 3231 
319 3231 
320 3231 
321 3231 
322 3231 
323 3231 
324 3230 
325 3231 
326 3230 
327 3231 
328 3231 
329 3231 
330 3231 
331 3231 
332 3231 
333 3231 
334 3231 
335 3231 
336 3231 
337 3231 
338 3231 
339 3231 
340 3231 
341 3231 
342 3231 
343 3231 
344 3231 
345 3231 
346 3231 
347 3230 
348 3231 
349 3230 
350 3231 
351 3231 
352 3231 
353 3231 
354 3231 
355 3231 
356 3231 
357 3231 
358 3231 
359 3231 
360 3231 
361 3231 
362 3231 
363 3231 
364 3231 
365 3230 
366 3231 
367 3231 
368 3231 
369 3231 
370 3231 
371 3230 
372 3230 
373 3231 
374 3230 
375 3231 
376 3231 
377 3230 
378 3231 
379 3231 
380 3230 
381 3231 
382 3230 
383 3231 
384 3231 
385 3230 
386 3231 
387 3230 
388 3230 
389 3231 
390 3231 
391 3230 
392 3230 
393 3230 
394 3231 
395 3231 
396 3230 
397 3231 
398 3231 
399 3231 
400 3231 
401 3231 
402 3231 
403 3230 
404 3230 
405 3231 
406 3231 
407 3231 
408 3231 
409 3231 
410 3231 
411 3230 
412 3231 
413 3231 
414 3230 
415 3230 
416 3230 
417 3230 
418 3231 
419 3230 
420 3231 
421 3231 
422 3231 
423 3231 
424 3231 
425 3231 
426 3230 
427 3231 
428 3231 
429 3231 
430 3230 
431 3231 
432 3231 
433 3231 
434 3230 
435 3231 
436 3231 
437 3231 
438 3231 
439 3231 
440 3230 
441 3230 
442 3230 
443 3230 
444 3231 
445 3231 
446 3231 
447 3231 
448 3231 
449 3230 
450 3232 
451 3230 
452 3231 
453 3231 
454 3231 
455 3230 
456 3231 
457 3230 
458 3231 
459 3231 
460 3231 
461 3231 
462 3231 
463 3231 
464 3231 
465 3231 
466 3231 
467 3231 
468 3231 
469 3231 
470 3231 
471 3230 
472 3231 
473 3230 
474 3231 
475 3230 
476 3230 
477 3230 
478 3231 
479 3230 
480 3231 
481 3231 
482 3230 
483 3230 
484 3230 
485 3231 
486 3230 
487 3231 
488 3230 
489 3231 
490 3231 
491 3231 
492 3230 
493 3231 
494 3230 
495 3230 
496 3230 
497 3230 
498 3230 
499 3231 
500 3231 
501 3231 
502 3231 
503 3230 
504 3230 
505 3232 
506 3231 
507 3230 
508 3231 
509 3231 
510 3231 
511 3230 
512 3230 
513 3231 
514 3231 
515 3230 
516 3231 
517 3230 
518 3231 
519 3230 
520 3230 
521 3231 
522 3231 
523 3230 
524 3231 
525 3230 
526 3231 
527 3231 
528 3230 
529 3231 
530 3231 
531 3231 
532 3230 
533 3231 
534 3230 
535 3231 
536 3230 
537 3231 
538 3231 
539 3231 
540 3230 
541 3230 
542 3231 
543 3231 
544 3230 
545 3231 
546 3230 
547 3231 
548 3230 
549 3231 
550 3231 
551 3231 
552 3230 
553 3230 
554 3231 
555 3230 
556 3231 
557 3230 
558 3230 
559 3230 
560 3230 
561 3231 
562 3231 
563 3230 
564 3230 
565 3231 
566 3230 
567 3231 
568 3231 
569 3231 
570 3231 
571 3231 
572 3230 
573 3230 
574 3230 
575 3230 
576 3231 
577 3230 
578 3231 
579 3231 
580 3230 
581 3231 
582 3231 
583 3230 
584 3230 
585 3231 
586 3231 
587 3231 
588 3230 
589 3230 
590 3231 
591 3230 
592 3231 
593 3231 
594 3231 
595 3231 
596 3230 
597 3230 
598 3231 
599 3231 
600 3230 
601 3230 
602 3231 
603 3230 
604 3230 
605 3231 
606 3230 
607 3231 
608 3231 
609 3231 
610 3230 
611 3231 
612 3230 
613 3230 
614 3231 
615 3231 
616 3231 
617 3231 
618 3232 
619 3231 
620 3230 
621 3231 
622 3231 
623 3230 
624 3231 
625 3231 
626 3230 
627 3230 
628 3231 
629 3231 
630 3230 
631 3231 
632 3231 
633 3230 
634 3230 
635 3230 
636 3231 
637 3231 
638 3231 
639 3231 
640 3231 
641 3230 
642 3230 
643 3230 
644 3230 
645 3231 
646 3231 
647 3231 
648 3230 
649 3230 
650 3231 
651 3230 
652 3231 
653 3230 
654 3231 
655 3230 
656 3230 
657 3230 
658 3230 
659 3230 
660 3230 
661 3231 
662 3230 
663 3231 
664 3230 
665 3230 
666 3230 
667 3230 
668 3230 
669 3230 
670 3231 
671 3231 
672 3230 
673 3230 
674 3230 
675 3231 
676 3230 
677 3230 
678 3231 
679 3230 
680 3230 
681 3230 
682 3230 
683 3230 
684 3231 
685 3230 
686 3231 
687 3230 
688 3231 
689 3230 
690 3230 
691 3231 
692 3230 
693 3230 
694 3231 
695 3231 
696 3230 
697 3230 
698 3230 
699 3231 
700 3230 
701 3230 
702 3230 
703 3231 
704 3230 
705 3230 
706 3230 
707 3231 
708 3230 
709 3231 
710 3231 
711 3231 
712 3230 
713 3230 
714 3230 
715 3231 
716 3230 
717 3231 
718 3230 
719 3231 
720 3230 
721 3231 
722 3230 
723 3231 
724 3230 
725 3230 
726 3231 
727 3230 
728 3230 
729 3230 
730 3230 
731 3231 
732 3230 
733 3230 
734 3230 
735 3230 
736 3230 
737 3230 
738 3230 
739 3230 
740 3230 
741 3231 
742 3230 
743 3230 
744 3230 
745 3230 
746 3230 
747 3231 
748 3231 
749 3231 
750 3230 
751 3231 
752 3230 
753 3231 
754 3231 
755 3231 
756 3231 
757 3230 
758 3230 
759 3230 
760 3230 
761 3230 
762 3230 
763 3230 
764 3231 
765 3231 
766 3230 
767 3230 
768 3231 
769 3231 
770 3231 
771 3231 
772 3231 
773 3231 
774 3230 
775 3231 
776 3230 
777 3230 
778 3230 
779 3230 
780 3231 
781 3231 
782 3231 
783 3230 
784 3230 
785 3230 
786 3230 
787 3231 
788 3231 
789 3231 
790 3231 
791 3230 
792 3231 
793 3231 
794 3230 
795 3231 
796 3230 
797 3230 
798 3230 
799 3230 
800 3230 
801 3230 
802 3231 
803 3230 
804 3230 
805 3230 
806 3231 
807 3231 
808 3231 
809 3230 
810 3230 
811 3231 
812 3231 
813 3230 
814 3230 
815 3230 
816 3230 
817 3230 
818 3230 
819 3230 
820 3232 
821 3230 
822 3230 
823 3230 
824 3231 
825 3230 
826 3231 
827 3229 
828 3230 
829 3230 
830 3230 
831 3230 
832 3231 
833 3230 
834 3230 
835 3230 
836 3230 
837 3230 
838 3231 
839 3230 
840 3230 
841 3230 
842 3230 
843 3230 
844 3231 
845 3230 
846 3231 
847 3229 
848 3230 
849 3230 
850 3231 
851 3230 
852 3230 
853 3230 
854 3230 
855 3230 
856 3230 
857 3231 
858 3230 
859 3230 
860 3230 
861 3230 
862 3230 
863 3230 
864 3230 
865 3231 
866 3230 
867 3230 
868 3230 
869 3230 
870 3231 
871 3230 
872 3230 
873 3230 
874 3230 
875 3230 
876 3231 
877 3230 
878 3230 
879 3230 
880 3231 
881 3231 
882 3230 
883 3231 
884 3230 
885 3229 
886 3230 
887 3230 
888 3231 
889 3231 
890 3230 
891 3230 
892 3230 
893 3230 
894 3230 
895 3230 
896 3230 
897 3231 
898 3230 
899 3230 
900 3230 
901 3230 
902 3231 
903 3230 
904 3230 
905 3230 
906 3230 
907 3230 
908 3230 
909 3230 
910 3230 
911 3229 
912 3230 
913 3231 
914 3230 
915 3230 
916 3230 
917 3230 
918 3230 
919 3230 
920 3230 
921 3230 
922 3230 
923 3230 
924 3229 
925 3231 
926 3230 
927 3230 
928 3230 
929 3231 
930 3230 
931 3230 
932 3231 
933 3231 
934 3230 
935 3230 
936 3230 
937 3230 
938 3230 
939 3231 
940 3230 
941 3230 
942 3231 
943 3230 
944 3230 
945 3231 
946 3230 
947 3230 
948 3231 
949 3230 
950 3230 
951 3230 
952 3230 
953 3230 
954 3230 
955 3231 
956 3230 
957 3230 
958 3230 
959 3230 
960 3230 
961 3230 
962 3231 
963 3230 
964 3230 
965 3230 
966 3230 
967 3230 
968 3230 
969 3230 
970 3230 
971 3230 
972 3230 
973 3230 
974 3230 
975 3230 
976 3230 
977 3230 
978 3230 
979 3230 
980 3230 
981 3230 
982 3230 
983 3230 
984 3230 
985 3231 
986 3230 
987 3230 
988 3230 
989 3231 
990 3231 
991 3230 
992 3231 
993 3230 
994 3230 
995 3230 
996 3230 
997 3230 
998 3231 
999 3230 
1000 3230 
1001 3230 
1002 3230 
1003 3230 
1004 3230 
1005 3231 
1006 3230 
1007 3230 
1008 3230 
1009 3230 
1010 3230 
1011 3230 
1012 3231 
1013 3231 
1014 3230 
1015 3230 
1016 3231 
1017 3230 
1018 3231 
1019 3231 
1020 3231 
1021 3230 
1022 3230 
1023 3231 
1024 3230 
1025 3230 
1026 3230 
1027 3230 
1028 3230 
1029 3230 
1030 3230 
1031 3230 
1032 3230 
1033 3230 
1034 3231 
1035 3230 
1036 3230 
1037 3230 
1038 3231 
1039 3230 
1040 3230 
1041 3230 
1042 3230 
1043 3230 
1044 3230 
1045 3230 
1046 3230 
1047 3230 
1048 3230 
1049 3230 
1050 3230 
1051 3230 
1052 3230 
1053 3230 
1054 3230 
1055 3230 
1056 3231 
1057 3230 
1058 3230 
1059 3230 
1060 3230 
1061 3230 
1062 3230 
1063 3230 
1064 3230 
1065 3230 
1066 3230 
1067 3230 
1068 3231 
1069 3230 
1070 3230 
1071 3231 
1072 3230 
1073 3231 
1074 3231 
1075 3230 
1076 3230 
1077 3230 
1078 3229 
1079 3230 
1080 3230 
1081 3231 
1082 3230 
1083 3230 
1084 3230 
1085 3229 
1086 3230 
1087 3230 
1088 3230 
1089 3230 
1090 3230 
1091 3230 
1092 3230 
1093 3230 
1094 3230 
1095 3230 
1096 3230 
1097 3230 
1098 3230 
1099 3230 
1100 3230 
1101 3231 
1102 3230 
1103 3230 
1104 3230 
1105 3231 
1106 3231 
1107 3230 
1108 3230 
1109 3230 
1110 3230 
1111 3230 
1112 3230 
1113 3230 
1114 3230 
1115 3230 
1116 3229 
1117 3230 
1118 3230 
1119 3230 
1120 3230 
1121 3230 
1122 3230 
1123 3230 
1124 3230 
1125 3231 
1126 3230 
1127 3230 
1128 3230 
1129 3229 
1130 3231 
1131 3231 
1132 3230 
1133 3230 
1134 3230 
1135 3230 
1136 3230 
1137 3230 
1138 3230 
1139 3230 
1140 3229 
1141 3230 
1142 3230 
1143 3231 
1144 3230 
1145 3230 
1146 3230 
1147 3230 
1148 3230 
1149 3230 
1150 3229 
1151 3230 
1152 3231 
1153 3230 
1154 3230 
1155 3231 
1156 3230 
1157 3229 
1158 3230 
1159 3230 
1160 3230 
1161 3230 
1162 3230 
1163 3230 
1164 3230 
1165 3230 
1166 3230 
1167 3230 
1168 3230 
1169 3230 
1170 3230 
1171 3230 
1172 3230 
1173 3230 
1174 3230 
1175 3231 
1176 3231 
1177 3230 
1178 3230 
1179 3231 
1180 3230 
1181 3231 
1182 3230 
1183 3230 
1184 3230 
1185 3230 
1186 3230 
1187 3231 
1188 3231 
1189 3230 
1190 3230 
1191 3230 
1192 3230 
1193 3230 
1194 3230 
1195 3230 
1196 3230 
1197 3230 
1198 3231 
1199 3230 
1200 3230 
1201 3230 
1202 3231 
1203 3230 
1204 3230 
1205 3230 
1206 3230 
1207 3230 
1208 3230 
1209 3230 
1210 3231 
1211 3230 
1212 3229 
1213 3230 
1214 3230 
1215 3231 
1216 3230 
1217 3230 
1218 3230 
1219 3230 
1220 3229 
1221 3230 
1222 3230 
1223 3230 
1224 3230 
1225 3230 
1226 3230 
1227 3230 
1228 3230 
1229 3230 
1230 3230 
1231 3231 
1232 3230 
1233 3230 
1234 3230 
1235 3230 
1236 3229 
1237 3230 
1238 3230 
1239 3230 
1240 3230 
1241 3230 
1242 3230 
1243 3230 
1244 3230 
1245 3229 
1246 3230 
1247 3230 
1248 3230 
1249 3230 
1250 3230 
1251 3230 
1252 3230 
1253 3230 
1254 3230 
1255 3230 
1256 3231 
1257 3230 
1258 3230 
1259 3230 
1260 3230 
1261 3230 
1262 3230 
1263 3231 
1264 3230 
1265 3231 
1266 3230 
1267 3231 
1268 3230 
1269 3230 
1270 3230 
1271 3230 
1272 3229 
1273 3231 
1274 3230 
1275 3230 
1276 3230 
1277 3229 
1278 3230 
1279 3230 
1280 3230 
1281 3230 
1282 3230 
1283 3230 
1284 3230 
1285 3230 
1286 3229 
1287 3230 
1288 3230 
1289 3230 
1290 3231 
1291 3230 
1292 3230 
1293 3230 
1294 3230 
1295 3230 
1296 3230 
1297 3230 
1298 3230 
1299 3230 
1300 3230 
1301 3230 
1302 3231 
1303 3230 
1304 3230 
1305 3230 
1306 3230 
1307 3230 
1308 3230 
1309 3230 
1310 3229 
1311 3230 
1312 3230 
