1 3404 
2 3405 
3 3406 
4 3404 
5 3404 
6 3404 
7 3405 
8 3405 
9 3405 
10 3404 
11 3404 
12 3404 
13 3405 
14 3404 
15 3404 
16 3405 
17 3405 
18 3404 
19 3405 
20 3405 
21 3405 
22 3404 
23 3405 
24 3405 
25 3405 
26 3405 
27 3404 
28 3404 
29 3405 
30 3404 
31 3405 
32 3405 
33 3405 
34 3405 
35 3404 
36 3404 
37 3404 
38 3405 
39 3405 
40 3405 
41 3404 
42 3405 
43 3404 
44 3404 
45 3404 
46 3404 
47 3405 
48 3404 
49 3404 
50 3405 
51 3404 
52 3404 
53 3404 
54 3405 
55 3405 
56 3405 
57 3404 
58 3404 
59 3405 
60 3405 
61 3404 
62 3404 
63 3405 
64 3405 
65 3405 
66 3405 
67 3404 
68 3404 
69 3405 
70 3405 
71 3404 
72 3405 
73 3404 
74 3404 
75 3404 
76 3405 
77 3404 
78 3405 
79 3405 
80 3405 
81 3404 
82 3405 
83 3405 
84 3405 
85 3404 
86 3405 
87 3405 
88 3404 
89 3405 
90 3405 
91 3405 
92 3405 
93 3404 
94 3404 
95 3405 
96 3404 
97 3404 
98 3405 
99 3403 
100 3404 
101 3404 
102 3405 
103 3404 
104 3405 
105 3404 
106 3405 
107 3405 
108 3404 
109 3404 
110 3405 
111 3405 
112 3404 
113 3404 
114 3404 
115 3405 
116 3404 
117 3404 
118 3405 
119 3404 
120 3406 
121 3405 
122 3404 
123 3405 
124 3405 
125 3404 
126 3405 
127 3404 
128 3405 
129 3404 
130 3405 
131 3404 
132 3404 
133 3404 
134 3404 
135 3405 
136 3404 
137 3405 
138 3404 
139 3404 
140 3404 
141 3404 
142 3404 
143 3404 
144 3405 
145 3404 
146 3404 
147 3404 
148 3404 
149 3405 
150 3404 
151 3405 
152 3405 
153 3405 
154 3404 
155 3405 
156 3405 
157 3404 
158 3404 
159 3405 
160 3405 
161 3404 
162 3404 
163 3404 
164 3405 
165 3404 
166 3404 
167 3404 
168 3404 
169 3405 
170 3404 
171 3404 
172 3404 
173 3404 
174 3404 
175 3404 
176 3405 
177 3404 
178 3404 
179 3404 
180 3405 
181 3404 
182 3405 
183 3404 
184 3405 
185 3404 
186 3404 
187 3404 
188 3405 
189 3404 
190 3405 
191 3404 
192 3404 
193 3405 
194 3404 
195 3405 
196 3405 
197 3404 
198 3404 
199 3404 
200 3404 
201 3404 
202 3404 
203 3404 
204 3404 
205 3405 
206 3404 
207 3404 
208 3404 
209 3405 
210 3405 
211 3405 
212 3404 
213 3404 
214 3404 
215 3405 
216 3404 
217 3404 
218 3404 
219 3404 
220 3404 
221 3404 
222 3404 
223 3404 
224 3404 
225 3404 
226 3404 
227 3404 
228 3404 
229 3405 
230 3405 
231 3404 
232 3404 
233 3404 
234 3404 
235 3404 
236 3404 
237 3404 
238 3404 
239 3404 
240 3404 
241 3404 
242 3404 
243 3405 
244 3404 
245 3404 
246 3404 
247 3405 
248 3404 
249 3404 
250 3405 
251 3404 
252 3404 
253 3404 
254 3405 
255 3404 
256 3404 
257 3404 
258 3404 
259 3404 
260 3405 
261 3404 
262 3404 
263 3404 
264 3404 
265 3404 
266 3404 
267 3404 
268 3404 
269 3404 
270 3404 
271 3404 
272 3404 
273 3404 
274 3404 
275 3404 
276 3404 
277 3404 
278 3404 
279 3404 
280 3404 
281 3404 
282 3404 
283 3405 
284 3404 
285 3404 
286 3404 
287 3404 
288 3404 
289 3405 
290 3405 
291 3405 
292 3405 
293 3404 
294 3404 
295 3404 
296 3405 
297 3404 
298 3404 
299 3404 
300 3404 
301 3404 
302 3404 
303 3404 
304 3404 
305 3404 
306 3404 
307 3404 
308 3404 
309 3405 
310 3404 
311 3404 
312 3404 
313 3404 
314 3404 
315 3404 
316 3404 
317 3404 
318 3404 
319 3404 
320 3404 
321 3404 
322 3404 
323 3404 
324 3405 
325 3404 
326 3404 
327 3403 
328 3404 
329 3405 
330 3404 
331 3404 
332 3404 
333 3404 
334 3404 
335 3404 
336 3405 
337 3405 
338 3405 
339 3404 
340 3404 
341 3404 
342 3404 
343 3404 
344 3404 
345 3404 
346 3405 
347 3404 
348 3404 
349 3404 
350 3404 
351 3404 
352 3404 
353 3404 
354 3404 
355 3404 
356 3404 
357 3404 
358 3404 
359 3404 
360 3404 
361 3404 
362 3404 
363 3404 
364 3405 
365 3404 
366 3404 
367 3404 
368 3405 
369 3404 
370 3404 
371 3405 
372 3403 
373 3404 
374 3404 
375 3403 
376 3404 
377 3404 
378 3404 
379 3403 
380 3404 
381 3404 
382 3404 
383 3404 
384 3404 
385 3404 
386 3404 
387 3404 
388 3404 
389 3404 
390 3404 
391 3404 
392 3404 
393 3404 
394 3404 
395 3404 
396 3404 
397 3404 
398 3404 
399 3404 
400 3404 
401 3404 
402 3404 
403 3404 
404 3404 
405 3404 
406 3404 
407 3404 
408 3404 
409 3405 
410 3404 
411 3404 
412 3403 
413 3404 
414 3404 
415 3404 
416 3404 
417 3405 
418 3404 
419 3404 
420 3404 
421 3404 
422 3404 
423 3404 
424 3404 
425 3404 
426 3404 
427 3404 
428 3404 
429 3403 
430 3404 
431 3403 
432 3404 
433 3405 
434 3404 
435 3404 
436 3403 
437 3404 
438 3404 
439 3404 
440 3404 
441 3403 
442 3403 
443 3404 
444 3404 
445 3404 
446 3404 
447 3403 
448 3404 
449 3404 
450 3404 
451 3404 
452 3404 
453 3404 
454 3404 
455 3404 
456 3404 
457 3404 
458 3404 
459 3405 
460 3404 
461 3404 
462 3405 
463 3404 
464 3404 
465 3405 
466 3404 
467 3404 
468 3404 
469 3404 
470 3405 
471 3404 
472 3404 
473 3404 
474 3404 
475 3404 
476 3404 
477 3404 
478 3404 
479 3404 
480 3404 
481 3404 
482 3403 
483 3404 
484 3404 
485 3404 
486 3404 
487 3404 
488 3405 
489 3404 
490 3404 
491 3405 
492 3404 
493 3405 
494 3404 
495 3404 
496 3404 
497 3404 
498 3404 
499 3405 
500 3404 
501 3404 
502 3404 
503 3404 
504 3404 
505 3404 
506 3404 
507 3403 
508 3403 
509 3404 
510 3404 
511 3404 
512 3403 
513 3404 
514 3404 
515 3404 
516 3404 
517 3404 
518 3403 
519 3403 
520 3404 
521 3403 
522 3404 
523 3403 
524 3404 
525 3404 
526 3404 
527 3404 
528 3403 
529 3404 
530 3404 
531 3404 
532 3404 
533 3404 
534 3404 
535 3404 
536 3404 
537 3403 
538 3404 
539 3404 
540 3403 
541 3404 
542 3404 
543 3403 
544 3404 
545 3403 
546 3404 
547 3404 
548 3403 
549 3404 
550 3404 
551 3404 
552 3404 
553 3404 
554 3405 
555 3404 
556 3403 
557 3403 
558 3405 
559 3404 
560 3404 
561 3404 
562 3404 
563 3404 
564 3404 
565 3404 
566 3404 
567 3404 
568 3404 
569 3403 
570 3403 
571 3403 
572 3403 
573 3403 
574 3404 
575 3404 
576 3405 
577 3403 
578 3403 
579 3404 
580 3403 
581 3404 
582 3404 
583 3404 
584 3404 
585 3404 
586 3403 
587 3403 
588 3404 
589 3403 
590 3404 
591 3403 
592 3403 
593 3403 
594 3404 
595 3404 
596 3404 
597 3403 
598 3404 
599 3404 
600 3404 
601 3403 
602 3404 
603 3404 
604 3404 
605 3404 
606 3404 
607 3404 
608 3404 
609 3403 
610 3404 
611 3405 
612 3404 
613 3404 
614 3404 
615 3403 
616 3403 
617 3403 
618 3404 
619 3404 
620 3403 
621 3403 
622 3403 
623 3404 
624 3404 
625 3403 
626 3403 
627 3403 
628 3403 
629 3404 
630 3403 
631 3404 
632 3404 
633 3404 
634 3404 
635 3404 
636 3403 
637 3404 
638 3404 
639 3403 
640 3404 
641 3403 
642 3404 
643 3404 
644 3403 
645 3403 
646 3403 
647 3404 
648 3403 
649 3404 
650 3404 
651 3403 
652 3403 
653 3403 
654 3404 
655 3403 
656 3403 
657 3403 
658 3404 
659 3404 
660 3403 
661 3404 
662 3404 
663 3404 
664 3403 
665 3403 
666 3404 
667 3404 
668 3403 
669 3404 
670 3403 
671 3404 
672 3403 
673 3403 
674 3404 
675 3404 
676 3404 
677 3403 
678 3403 
679 3404 
680 3404 
681 3403 
682 3404 
683 3404 
684 3403 
685 3404 
686 3404 
687 3403 
688 3403 
689 3403 
690 3404 
691 3403 
692 3403 
693 3403 
694 3403 
695 3404 
696 3404 
697 3403 
698 3403 
699 3404 
700 3404 
701 3403 
702 3403 
703 3404 
704 3404 
705 3403 
706 3404 
707 3403 
708 3403 
709 3403 
710 3403 
711 3404 
712 3403 
713 3404 
714 3404 
715 3404 
716 3404 
717 3403 
718 3403 
719 3403 
720 3404 
721 3404 
722 3404 
723 3404 
724 3403 
725 3404 
726 3403 
727 3404 
728 3404 
729 3404 
730 3404 
731 3404 
732 3404 
733 3404 
734 3403 
735 3404 
736 3404 
737 3403 
738 3404 
739 3404 
740 3404 
741 3403 
742 3404 
743 3403 
744 3403 
745 3403 
746 3403 
747 3404 
748 3403 
749 3404 
750 3404 
751 3403 
752 3403 
753 3404 
754 3404 
755 3403 
756 3403 
757 3404 
758 3403 
759 3404 
760 3403 
761 3403 
762 3403 
763 3404 
764 3403 
765 3403 
766 3403 
767 3403 
768 3404 
769 3404 
770 3404 
771 3404 
772 3403 
773 3403 
774 3403 
775 3403 
776 3404 
777 3403 
778 3404 
779 3404 
780 3403 
781 3403 
782 3403 
783 3403 
784 3404 
785 3403 
786 3403 
787 3404 
788 3403 
789 3403 
790 3403 
791 3404 
792 3404 
793 3403 
794 3403 
795 3403 
796 3403 
797 3404 
798 3403 
799 3404 
800 3404 
801 3404 
802 3404 
803 3403 
804 3404 
805 3403 
806 3404 
807 3403 
808 3404 
809 3404 
810 3404 
811 3403 
812 3403 
813 3403 
814 3403 
815 3403 
816 3404 
817 3403 
818 3404 
819 3403 
820 3404 
821 3403 
822 3403 
823 3403 
824 3403 
825 3404 
826 3404 
827 3403 
828 3404 
829 3404 
830 3404 
831 3403 
832 3404 
833 3404 
834 3404 
835 3404 
836 3404 
837 3403 
838 3403 
839 3404 
