1 808 
2 807 
3 807 
4 807 
5 808 
6 807 
7 807 
8 808 
9 807 
10 807 
11 808 
12 807 
13 807 
14 807 
15 807 
16 807 
17 808 
18 807 
19 807 
20 807 
21 807 
22 807 
23 807 
24 807 
25 807 
26 807 
27 807 
28 807 
29 808 
30 807 
31 807 
32 807 
33 807 
34 807 
35 807 
36 807 
37 807 
38 807 
39 807 
40 808 
41 807 
42 807 
43 807 
44 807 
45 807 
46 807 
47 807 
48 807 
49 807 
50 808 
51 807 
52 807 
53 807 
54 807 
55 807 
56 808 
57 807 
58 807 
59 807 
60 807 
61 807 
62 807 
63 807 
64 807 
65 807 
66 807 
67 807 
68 808 
69 807 
70 807 
71 807 
72 807 
73 807 
74 807 
75 808 
76 807 
77 807 
78 807 
79 807 
80 807 
81 807 
82 807 
83 808 
84 807 
85 808 
86 807 
87 807 
88 807 
89 808 
90 807 
91 808 
92 807 
93 807 
94 807 
95 807 
96 807 
97 807 
98 807 
99 807 
100 807 
101 807 
102 807 
103 807 
104 807 
105 807 
106 807 
107 807 
108 807 
109 808 
110 807 
111 808 
112 807 
113 807 
114 807 
115 807 
116 807 
117 808 
118 807 
119 807 
120 807 
121 807 
122 807 
123 808 
124 807 
125 807 
126 807 
127 808 
128 807 
129 807 
130 807 
131 807 
132 807 
133 807 
134 807 
135 807 
136 807 
137 807 
138 807 
139 807 
140 808 
141 807 
142 807 
143 807 
144 807 
145 807 
146 807 
147 807 
148 807 
149 807 
150 807 
151 807 
152 807 
153 808 
154 808 
155 807 
156 807 
157 807 
158 807 
159 807 
160 807 
161 807 
162 807 
163 807 
164 807 
165 807 
166 807 
167 807 
168 808 
169 807 
170 807 
171 807 
172 807 
173 807 
174 807 
175 808 
176 807 
177 807 
178 806 
179 807 
180 807 
181 807 
182 807 
183 807 
184 807 
185 807 
186 807 
187 807 
188 807 
189 807 
190 807 
191 807 
192 807 
193 807 
194 807 
195 807 
196 807 
197 807 
198 807 
199 807 
200 807 
201 808 
202 807 
203 807 
204 807 
205 807 
206 807 
207 807 
208 807 
209 807 
210 807 
211 807 
212 807 
213 807 
214 807 
215 807 
216 807 
217 807 
218 808 
219 807 
220 807 
221 807 
222 807 
223 807 
224 807 
225 807 
226 807 
227 807 
228 807 
229 807 
230 807 
231 807 
232 807 
233 807 
234 807 
235 807 
236 807 
237 807 
238 807 
239 807 
240 807 
241 807 
242 807 
243 807 
244 807 
245 807 
246 807 
247 807 
248 807 
249 807 
250 807 
251 807 
252 807 
253 807 
254 807 
255 807 
256 807 
257 807 
258 807 
259 807 
260 807 
261 807 
262 807 
263 807 
264 807 
265 807 
266 808 
267 807 
268 807 
269 807 
270 807 
271 807 
272 807 
273 807 
274 807 
275 807 
276 807 
277 807 
278 807 
279 807 
280 807 
281 807 
282 807 
283 807 
284 807 
285 807 
286 807 
287 807 
288 807 
289 807 
290 807 
291 807 
292 808 
293 807 
294 807 
295 808 
296 807 
297 807 
298 807 
299 807 
300 807 
301 807 
302 807 
303 808 
304 807 
305 807 
306 807 
307 807 
308 807 
309 807 
310 808 
311 807 
312 807 
313 807 
314 807 
315 807 
316 807 
317 807 
318 807 
319 807 
320 807 
321 807 
322 807 
323 807 
324 807 
325 807 
326 807 
327 807 
328 807 
329 807 
330 807 
331 808 
332 807 
333 807 
334 807 
335 807 
336 807 
337 807 
338 807 
339 807 
340 808 
341 807 
342 807 
343 807 
344 807 
345 807 
346 807 
347 807 
348 807 
349 807 
350 807 
351 807 
352 808 
353 807 
354 807 
355 808 
356 807 
357 807 
358 807 
359 807 
360 807 
361 807 
362 807 
363 807 
364 807 
365 807 
366 807 
367 807 
368 807 
369 807 
370 807 
371 807 
372 807 
373 807 
374 807 
375 807 
376 807 
377 807 
378 807 
379 807 
380 807 
381 808 
382 807 
383 807 
384 807 
385 807 
386 807 
387 807 
388 807 
389 807 
390 807 
391 807 
392 807 
393 807 
394 808 
395 807 
396 807 
397 807 
398 807 
399 807 
400 807 
401 807 
402 807 
403 807 
404 807 
405 807 
406 807 
407 807 
408 807 
409 807 
410 807 
411 807 
412 807 
413 807 
414 807 
415 807 
416 807 
417 807 
418 807 
419 807 
420 807 
421 807 
422 807 
423 807 
424 807 
425 807 
426 807 
427 807 
428 807 
429 807 
430 807 
431 807 
432 808 
433 807 
434 807 
435 807 
436 807 
437 807 
438 807 
439 807 
440 807 
441 807 
442 808 
443 807 
444 808 
445 807 
446 807 
447 807 
448 807 
449 807 
450 807 
451 808 
452 807 
453 807 
454 807 
455 807 
456 807 
457 807 
458 807 
459 807 
460 807 
461 807 
462 807 
463 807 
464 807 
465 807 
466 808 
467 807 
468 807 
469 807 
470 807 
471 807 
472 807 
473 807 
474 807 
475 807 
476 807 
477 807 
478 807 
479 807 
480 807 
481 807 
482 807 
483 807 
484 807 
485 807 
486 807 
487 807 
488 807 
489 808 
490 807 
491 807 
492 807 
493 807 
494 807 
495 807 
496 807 
497 807 
498 807 
499 807 
500 807 
