1 84 
2 84 
3 84 
4 84 
5 84 
6 85 
7 85 
8 84 
9 84 
10 85 
11 84 
12 85 
13 84 
14 84 
15 84 
16 85 
17 84 
18 84 
19 85 
20 84 
21 84 
22 85 
23 85 
24 85 
25 85 
26 84 
27 85 
28 84 
29 85 
30 84 
31 84 
32 85 
33 85 
34 85 
35 85 
36 84 
37 85 
38 84 
39 84 
40 84 
41 85 
42 85 
43 85 
44 84 
45 84 
46 84 
47 84 
48 84 
49 85 
50 84 
51 84 
52 84 
53 85 
54 84 
55 85 
56 85 
57 84 
58 85 
59 85 
60 84 
61 84 
62 84 
63 84 
64 84 
65 84 
66 85 
67 84 
68 84 
69 84 
70 84 
71 84 
72 84 
73 84 
74 84 
75 84 
76 85 
77 84 
78 84 
79 85 
80 85 
81 84 
82 85 
83 84 
84 85 
85 84 
86 84 
87 84 
88 84 
89 84 
90 85 
91 84 
92 84 
93 84 
94 85 
95 85 
96 84 
97 84 
98 84 
99 84 
100 84 
101 84 
102 84 
103 85 
104 85 
105 85 
106 84 
107 84 
108 84 
109 84 
110 84 
111 84 
112 84 
113 85 
114 84 
115 84 
116 84 
117 84 
118 85 
119 85 
120 84 
121 85 
122 84 
123 84 
124 85 
125 84 
126 85 
127 84 
128 84 
129 85 
130 84 
131 84 
132 84 
133 84 
134 84 
135 84 
136 84 
137 84 
138 85 
139 85 
140 84 
141 84 
142 84 
143 84 
144 83 
145 84 
146 85 
147 85 
148 85 
149 84 
150 84 
151 85 
152 85 
153 84 
154 85 
155 84 
156 84 
157 84 
158 85 
159 84 
160 84 
161 84 
162 84 
163 84 
164 84 
165 85 
166 84 
167 84 
168 84 
169 85 
170 84 
171 85 
172 85 
173 85 
174 84 
175 84 
176 85 
177 84 
178 85 
179 85 
180 85 
181 84 
182 85 
183 84 
184 85 
185 84 
186 84 
187 85 
188 84 
189 85 
190 85 
191 85 
192 84 
193 84 
194 85 
195 85 
196 84 
197 84 
198 84 
199 84 
200 84 
201 85 
202 85 
203 85 
204 84 
205 84 
206 85 
207 84 
208 85 
209 85 
210 84 
211 84 
212 85 
213 85 
214 84 
215 84 
216 85 
217 84 
218 84 
219 85 
220 84 
221 85 
222 84 
223 84 
224 85 
225 85 
226 85 
227 85 
228 85 
229 85 
230 84 
231 84 
232 84 
233 84 
234 84 
235 84 
236 84 
237 84 
238 85 
239 85 
240 85 
241 84 
242 84 
243 84 
244 85 
245 84 
246 84 
247 84 
248 84 
249 84 
250 84 
251 85 
252 84 
253 85 
254 85 
255 85 
256 85 
257 84 
258 84 
259 84 
260 84 
261 85 
262 84 
263 85 
264 84 
265 84 
266 84 
267 84 
268 85 
269 85 
270 84 
271 84 
272 84 
273 84 
274 85 
275 84 
276 84 
277 84 
278 84 
279 85 
280 85 
281 84 
282 85 
283 84 
284 85 
285 84 
286 85 
287 85 
288 85 
289 84 
290 84 
291 84 
292 84 
293 85 
294 84 
295 85 
296 85 
297 85 
298 85 
299 85 
300 84 
301 85 
302 84 
303 84 
304 85 
305 85 
306 84 
307 85 
308 84 
309 84 
310 85 
311 84 
