1 87 
2 87 
3 86 
4 86 
5 87 
6 87 
7 87 
8 87 
9 86 
10 87 
11 86 
12 86 
13 87 
14 87 
15 87 
16 87 
17 87 
18 87 
19 87 
20 87 
21 87 
22 87 
23 87 
24 86 
25 87 
26 87 
27 87 
28 86 
29 87 
30 87 
31 86 
32 87 
33 87 
34 86 
35 86 
36 87 
37 86 
38 86 
39 87 
40 87 
41 87 
42 87 
43 87 
44 87 
45 87 
46 87 
47 86 
48 87 
49 87 
50 87 
51 87 
52 87 
53 87 
54 87 
55 86 
56 87 
57 87 
58 87 
59 87 
60 87 
61 87 
62 87 
63 87 
64 87 
65 87 
66 87 
67 87 
68 87 
69 87 
70 87 
71 87 
72 87 
73 87 
74 87 
75 87 
76 87 
77 87 
78 87 
79 87 
80 86 
81 86 
82 86 
83 87 
84 87 
85 87 
86 88 
87 87 
88 87 
89 87 
90 87 
91 87 
92 87 
93 87 
94 87 
95 87 
96 87 
97 87 
98 87 
99 87 
100 86 
101 87 
102 87 
103 87 
104 87 
105 86 
106 87 
107 86 
108 87 
109 87 
110 87 
111 87 
112 87 
113 86 
114 87 
115 87 
116 87 
117 87 
118 87 
119 87 
120 87 
121 86 
122 88 
123 87 
124 88 
125 87 
126 87 
127 87 
128 86 
129 87 
130 87 
131 87 
132 87 
133 87 
134 87 
135 87 
136 87 
137 87 
138 87 
139 87 
140 87 
141 87 
142 87 
143 87 
144 87 
145 87 
146 87 
147 87 
148 86 
149 87 
150 87 
151 87 
152 87 
153 87 
154 88 
155 87 
156 87 
157 87 
158 88 
159 88 
160 86 
161 87 
162 87 
163 87 
164 87 
165 87 
166 87 
167 88 
168 87 
169 87 
170 87 
171 87 
172 87 
173 87 
174 87 
175 87 
176 87 
177 87 
178 87 
179 87 
180 87 
181 87 
182 87 
183 87 
184 87 
185 87 
186 86 
187 87 
188 87 
189 86 
190 87 
191 87 
192 87 
193 87 
194 87 
195 86 
196 87 
197 87 
198 87 
199 87 
200 87 
201 86 
202 88 
203 87 
204 86 
205 87 
206 87 
207 87 
208 86 
209 87 
210 87 
211 86 
212 87 
213 87 
214 86 
215 87 
216 87 
217 87 
218 87 
219 87 
220 87 
221 87 
222 87 
223 87 
224 87 
225 87 
226 86 
227 87 
228 87 
229 86 
230 87 
231 86 
232 87 
233 87 
234 87 
235 87 
236 87 
237 87 
238 87 
239 87 
240 87 
241 87 
242 87 
243 86 
244 87 
245 87 
246 87 
247 87 
248 87 
249 87 
250 86 
251 87 
252 87 
253 87 
254 87 
255 87 
256 87 
257 87 
258 86 
259 87 
260 87 
261 87 
262 86 
263 87 
264 87 
265 87 
266 87 
267 86 
268 87 
269 87 
270 87 
271 87 
272 87 
273 87 
274 87 
275 87 
276 87 
277 87 
278 88 
279 86 
280 86 
281 87 
282 87 
283 87 
284 87 
285 87 
286 87 
287 87 
288 87 
289 87 
290 87 
291 87 
292 86 
293 86 
294 87 
295 86 
296 87 
297 87 
298 87 
299 86 
300 87 
301 87 
302 86 
303 87 
304 87 
305 87 
306 87 
307 86 
308 87 
309 87 
310 87 
311 87 
312 87 
313 86 
314 86 
315 87 
316 87 
317 87 
318 87 
319 87 
320 87 
321 86 
322 87 
323 87 
324 86 
325 87 
326 87 
327 87 
328 87 
329 87 
330 87 
331 86 
332 87 
333 87 
334 87 
335 87 
336 87 
337 87 
338 87 
339 87 
340 87 
341 86 
342 87 
343 87 
344 86 
345 87 
346 87 
347 87 
348 87 
349 87 
350 87 
351 87 
352 87 
353 87 
354 87 
355 87 
356 86 
357 87 
358 86 
359 86 
360 87 
361 87 
362 87 
363 87 
364 87 
365 86 
366 86 
367 87 
368 86 
369 88 
370 87 
371 86 
372 87 
373 86 
374 87 
375 87 
376 86 
377 86 
378 87 
379 86 
380 87 
381 86 
382 86 
383 87 
384 87 
385 86 
386 86 
387 86 
388 87 
389 87 
390 86 
391 87 
392 87 
393 87 
394 86 
395 86 
396 87 
397 87 
398 87 
399 87 
400 86 
401 86 
402 86 
403 87 
404 87 
405 87 
406 87 
407 87 
408 87 
409 87 
410 86 
411 87 
412 87 
413 87 
414 87 
415 87 
416 86 
417 87 
418 87 
419 87 
420 87 
421 87 
422 87 
423 87 
424 86 
425 87 
426 87 
427 86 
428 87 
429 86 
430 87 
431 86 
432 87 
433 87 
434 87 
435 86 
436 86 
437 86 
438 87 
439 87 
440 87 
441 87 
442 87 
443 87 
444 86 
445 87 
446 87 
447 86 
448 88 
449 86 
450 87 
451 86 
452 86 
453 87 
454 87 
455 87 
456 87 
457 86 
458 87 
459 87 
460 87 
461 87 
462 87 
463 87 
464 87 
465 86 
466 87 
467 87 
468 87 
469 87 
470 87 
471 86 
472 87 
473 86 
474 87 
475 87 
476 86 
477 87 
478 87 
479 86 
480 88 
481 87 
482 86 
483 87 
484 87 
485 86 
486 87 
487 86 
488 86 
489 87 
490 87 
491 87 
492 87 
493 86 
494 87 
495 87 
496 87 
497 87 
498 87 
499 86 
500 86 
