1 86 
2 86 
3 86 
4 86 
5 86 
6 86 
7 86 
8 86 
9 86 
10 87 
11 87 
12 86 
13 86 
14 86 
15 86 
16 86 
17 86 
18 86 
19 87 
20 86 
21 86 
22 85 
23 85 
24 86 
25 85 
26 86 
27 86 
28 86 
29 86 
30 86 
31 86 
32 86 
33 86 
34 86 
35 87 
36 87 
37 86 
38 86 
39 86 
40 87 
41 86 
42 87 
43 86 
44 86 
45 87 
46 86 
47 86 
48 87 
49 86 
50 87 
51 86 
52 87 
53 86 
54 86 
55 86 
56 87 
57 86 
58 87 
59 86 
60 86 
61 87 
62 87 
63 87 
64 87 
65 87 
66 87 
67 87 
68 86 
69 86 
70 87 
71 86 
72 87 
73 86 
74 87 
75 87 
76 87 
77 87 
78 87 
79 87 
80 86 
81 86 
82 87 
83 87 
84 87 
85 86 
86 87 
87 87 
88 86 
89 87 
90 87 
91 87 
92 87 
93 86 
94 86 
95 87 
96 87 
97 87 
98 86 
99 86 
100 87 
101 87 
102 86 
103 86 
104 87 
105 86 
106 87 
107 86 
108 87 
109 87 
110 86 
111 86 
112 86 
113 87 
114 87 
115 87 
116 87 
117 87 
118 86 
119 87 
120 87 
121 86 
122 87 
123 86 
124 87 
125 87 
126 86 
127 87 
128 86 
129 87 
130 86 
131 87 
132 87 
133 87 
134 87 
135 87 
136 87 
137 86 
138 87 
139 87 
140 87 
141 86 
142 86 
143 87 
144 86 
145 86 
146 86 
147 87 
148 87 
149 87 
150 87 
151 86 
152 86 
153 87 
154 86 
155 87 
156 87 
157 87 
158 87 
159 86 
160 87 
161 87 
162 86 
163 86 
164 86 
165 87 
166 87 
167 87 
168 87 
169 87 
170 87 
171 86 
172 87 
173 86 
174 87 
175 87 
176 87 
177 86 
178 87 
179 87 
180 86 
181 87 
182 86 
183 87 
184 87 
185 87 
186 87 
187 87 
188 87 
189 87 
190 87 
191 87 
192 87 
193 87 
194 87 
195 87 
196 87 
197 86 
198 87 
199 87 
200 87 
201 86 
202 87 
203 87 
204 87 
205 87 
206 87 
207 87 
208 87 
209 86 
210 87 
211 87 
212 87 
213 87 
214 87 
215 87 
216 86 
217 87 
218 86 
219 87 
220 87 
221 87 
222 86 
223 86 
224 87 
225 87 
226 87 
227 87 
228 87 
229 87 
230 87 
231 86 
232 87 
233 87 
234 87 
235 87 
236 86 
237 87 
238 87 
239 86 
240 87 
241 88 
242 86 
243 87 
244 86 
245 87 
246 86 
247 87 
248 87 
249 86 
250 87 
251 86 
252 87 
253 86 
254 86 
255 86 
256 86 
257 86 
258 87 
259 87 
260 87 
261 86 
262 87 
263 86 
264 87 
265 86 
266 87 
267 86 
268 86 
269 86 
270 87 
271 87 
272 86 
273 86 
274 87 
275 86 
276 86 
277 87 
278 86 
279 86 
280 86 
281 86 
282 86 
283 86 
284 87 
285 86 
286 85 
287 86 
288 86 
289 86 
290 87 
291 86 
292 86 
293 86 
294 86 
295 86 
296 86 
297 87 
298 87 
299 87 
300 87 
301 86 
302 86 
303 87 
304 87 
305 87 
306 87 
307 86 
308 86 
309 87 
310 87 
311 87 
312 87 
313 87 
314 86 
315 86 
316 87 
317 87 
318 86 
319 86 
320 87 
321 86 
322 86 
323 87 
324 87 
325 87 
326 86 
327 87 
328 86 
329 86 
330 86 
331 87 
332 87 
333 86 
334 87 
335 86 
336 86 
337 87 
338 86 
339 86 
340 87 
341 86 
342 86 
343 86 
344 87 
345 87 
346 86 
347 86 
348 86 
349 87 
350 86 
351 87 
352 86 
353 86 
354 87 
355 87 
356 87 
357 87 
358 87 
359 86 
360 87 
361 86 
362 87 
363 86 
364 87 
365 87 
366 86 
367 87 
368 86 
369 87 
370 86 
371 87 
372 87 
373 86 
374 87 
375 86 
376 87 
377 86 
378 87 
379 87 
380 87 
381 87 
382 86 
383 86 
384 87 
385 87 
386 86 
387 87 
388 87 
389 86 
390 86 
391 86 
392 86 
393 87 
394 86 
395 87 
396 87 
397 86 
398 87 
399 86 
400 86 
401 86 
402 86 
403 87 
404 87 
405 87 
406 87 
407 86 
408 87 
409 87 
410 87 
411 87 
412 86 
413 87 
414 87 
415 87 
416 87 
417 87 
418 87 
419 87 
420 86 
421 87 
422 87 
423 86 
424 87 
425 86 
426 86 
427 87 
428 86 
429 86 
430 86 
431 87 
432 87 
433 87 
434 87 
435 86 
436 87 
437 86 
438 86 
439 87 
440 87 
441 86 
442 87 
443 87 
444 87 
445 86 
446 87 
447 87 
448 87 
449 87 
450 86 
451 87 
452 87 
453 87 
454 87 
455 87 
456 87 
457 87 
458 87 
459 87 
460 87 
461 86 
462 86 
463 85 
464 86 
465 85 
466 86 
467 86 
468 86 
469 86 
470 86 
471 86 
472 86 
473 86 
474 86 
475 86 
476 86 
477 86 
478 86 
479 86 
480 86 
481 87 
482 86 
483 86 
484 86 
485 86 
486 87 
487 86 
488 87 
489 86 
490 86 
491 86 
492 86 
493 86 
494 86 
495 87 
496 86 
497 87 
498 87 
499 86 
500 85 
