1 1332 
2 1332 
3 1332 
4 1332 
5 1332 
6 1332 
7 1332 
8 1333 
9 1332 
10 1332 
11 1332 
12 1332 
13 1332 
14 1332 
15 1332 
16 1332 
17 1332 
18 1332 
19 1332 
20 1332 
21 1332 
22 1332 
23 1332 
24 1332 
25 1332 
26 1332 
27 1332 
28 1332 
29 1332 
30 1332 
31 1332 
32 1332 
33 1332 
34 1332 
35 1333 
36 1332 
37 1332 
38 1332 
39 1332 
40 1332 
41 1332 
42 1332 
43 1332 
44 1332 
45 1332 
46 1332 
47 1332 
48 1332 
49 1333 
50 1332 
51 1332 
52 1332 
53 1333 
54 1332 
55 1332 
56 1332 
57 1332 
58 1332 
59 1332 
60 1332 
61 1332 
62 1332 
63 1332 
64 1332 
65 1332 
66 1332 
67 1332 
68 1333 
69 1332 
70 1332 
71 1332 
72 1332 
73 1332 
74 1332 
75 1332 
76 1332 
77 1332 
78 1332 
79 1333 
80 1332 
81 1332 
82 1332 
83 1332 
84 1332 
85 1333 
86 1332 
87 1332 
88 1332 
89 1332 
90 1332 
91 1332 
92 1332 
93 1332 
94 1332 
95 1332 
96 1332 
97 1332 
98 1332 
99 1332 
100 1332 
101 1332 
102 1332 
103 1332 
104 1332 
105 1333 
106 1332 
107 1332 
108 1333 
109 1332 
110 1332 
111 1332 
112 1332 
113 1332 
114 1332 
115 1332 
116 1332 
117 1332 
118 1332 
119 1332 
120 1332 
121 1332 
122 1332 
123 1332 
124 1332 
125 1332 
126 1332 
127 1332 
128 1332 
129 1332 
130 1332 
131 1333 
132 1332 
133 1332 
134 1332 
135 1332 
136 1332 
137 1332 
138 1332 
139 1332 
140 1332 
141 1332 
142 1332 
143 1332 
144 1332 
145 1332 
146 1332 
147 1332 
148 1332 
149 1332 
150 1332 
151 1332 
152 1332 
153 1332 
154 1332 
155 1332 
156 1333 
157 1332 
158 1332 
159 1332 
160 1332 
161 1332 
162 1332 
163 1332 
164 1333 
165 1332 
166 1332 
167 1332 
168 1332 
169 1332 
170 1332 
171 1332 
172 1332 
173 1332 
174 1332 
175 1332 
176 1332 
177 1332 
178 1332 
179 1333 
180 1332 
181 1332 
182 1332 
183 1332 
184 1332 
185 1332 
186 1332 
187 1332 
188 1332 
189 1332 
190 1332 
191 1332 
192 1332 
193 1332 
194 1332 
195 1332 
196 1332 
197 1332 
198 1332 
199 1332 
200 1332 
201 1332 
202 1332 
203 1332 
204 1332 
205 1332 
206 1332 
207 1332 
208 1332 
209 1332 
210 1332 
211 1332 
212 1332 
213 1332 
214 1332 
215 1332 
216 1332 
217 1332 
218 1332 
219 1332 
220 1332 
221 1332 
222 1332 
223 1332 
224 1332 
225 1332 
226 1332 
227 1332 
228 1333 
229 1332 
230 1333 
231 1332 
232 1332 
233 1332 
234 1332 
235 1333 
236 1332 
237 1332 
238 1332 
239 1332 
240 1332 
241 1332 
242 1332 
243 1332 
244 1332 
245 1332 
246 1332 
247 1332 
248 1332 
249 1332 
250 1332 
251 1332 
252 1333 
253 1332 
254 1332 
255 1332 
256 1332 
257 1332 
258 1332 
259 1332 
260 1332 
261 1332 
262 1332 
263 1332 
264 1332 
265 1332 
266 1332 
267 1332 
268 1332 
269 1332 
270 1332 
271 1332 
272 1332 
273 1332 
274 1332 
275 1332 
276 1332 
277 1332 
278 1332 
279 1332 
280 1333 
281 1332 
282 1332 
283 1332 
284 1332 
285 1332 
286 1332 
287 1332 
288 1332 
289 1332 
290 1332 
291 1332 
292 1332 
293 1332 
294 1332 
295 1332 
296 1332 
297 1332 
298 1332 
299 1332 
300 1332 
301 1332 
302 1332 
303 1332 
304 1332 
305 1332 
306 1332 
307 1332 
308 1332 
309 1332 
310 1332 
311 1332 
312 1332 
313 1332 
314 1332 
315 1332 
316 1332 
317 1332 
318 1332 
319 1332 
320 1333 
321 1332 
322 1332 
323 1332 
324 1332 
325 1332 
326 1332 
327 1332 
328 1332 
329 1332 
330 1332 
331 1332 
332 1332 
333 1332 
334 1332 
335 1332 
336 1332 
337 1332 
338 1332 
339 1332 
340 1332 
341 1332 
342 1332 
343 1332 
344 1332 
345 1332 
346 1332 
347 1332 
348 1332 
349 1332 
350 1332 
351 1332 
352 1332 
353 1332 
354 1332 
355 1332 
356 1332 
357 1332 
358 1333 
359 1332 
360 1332 
361 1332 
362 1332 
363 1332 
364 1332 
365 1332 
366 1333 
367 1332 
368 1332 
369 1332 
370 1332 
371 1332 
372 1333 
373 1332 
374 1332 
375 1332 
376 1332 
377 1332 
378 1332 
379 1333 
380 1332 
381 1332 
382 1332 
383 1332 
384 1332 
385 1333 
386 1332 
387 1332 
388 1332 
389 1332 
390 1332 
391 1332 
392 1333 
393 1332 
394 1332 
395 1332 
396 1332 
397 1332 
398 1332 
399 1332 
400 1332 
401 1332 
402 1332 
403 1332 
404 1332 
405 1333 
406 1332 
407 1332 
408 1332 
409 1332 
410 1332 
411 1332 
412 1332 
413 1332 
414 1333 
415 1332 
416 1332 
417 1332 
418 1332 
419 1332 
420 1332 
421 1332 
422 1332 
423 1332 
424 1332 
425 1332 
426 1332 
427 1332 
428 1332 
429 1332 
430 1332 
431 1332 
432 1332 
433 1332 
434 1332 
435 1332 
436 1332 
437 1332 
438 1332 
439 1332 
440 1332 
441 1332 
442 1332 
443 1332 
444 1332 
445 1332 
446 1332 
447 1333 
448 1332 
449 1332 
450 1332 
451 1332 
452 1332 
453 1332 
454 1332 
455 1332 
456 1332 
457 1332 
458 1332 
459 1332 
460 1333 
461 1333 
462 1333 
463 1332 
464 1332 
465 1332 
466 1332 
467 1332 
468 1332 
469 1332 
470 1332 
471 1332 
472 1332 
473 1332 
474 1332 
475 1332 
476 1332 
477 1332 
478 1332 
479 1332 
480 1332 
481 1332 
482 1332 
483 1332 
484 1332 
485 1332 
486 1332 
487 1332 
488 1333 
489 1332 
490 1332 
491 1332 
492 1332 
493 1332 
494 1332 
495 1332 
496 1332 
497 1332 
498 1332 
499 1332 
500 1332 
