1 154 
2 153 
3 154 
4 154 
5 154 
6 154 
7 154 
8 154 
9 154 
10 154 
11 154 
12 154 
13 154 
14 154 
15 154 
16 154 
17 154 
18 153 
19 154 
20 154 
21 154 
22 154 
23 154 
24 154 
25 154 
26 154 
27 154 
28 154 
29 154 
30 153 
31 153 
32 154 
33 154 
34 154 
35 154 
36 154 
37 154 
38 153 
39 154 
40 154 
41 154 
42 154 
43 154 
44 154 
45 154 
46 154 
47 154 
48 154 
49 154 
50 154 
51 154 
52 154 
53 154 
54 154 
55 154 
56 154 
57 154 
58 154 
59 154 
60 154 
61 154 
62 154 
63 154 
64 154 
65 154 
66 154 
67 154 
68 154 
69 154 
70 154 
71 154 
72 154 
73 154 
74 154 
75 154 
76 154 
77 154 
78 154 
79 154 
80 154 
81 154 
82 154 
83 154 
84 154 
85 154 
86 154 
87 154 
88 154 
89 154 
90 154 
91 153 
92 154 
93 154 
94 154 
95 154 
96 154 
97 154 
98 154 
99 154 
100 154 
101 154 
102 154 
103 154 
104 154 
105 153 
106 154 
107 153 
108 154 
109 154 
110 154 
111 154 
112 154 
113 154 
114 154 
115 154 
116 154 
117 154 
118 154 
119 154 
120 153 
121 154 
122 154 
123 154 
124 154 
125 154 
126 154 
127 154 
128 154 
129 154 
130 154 
131 154 
132 154 
133 154 
134 154 
135 154 
136 154 
137 154 
138 154 
139 154 
140 154 
141 154 
142 155 
143 154 
144 154 
145 154 
146 153 
147 154 
148 154 
149 154 
150 154 
151 154 
152 154 
153 153 
154 154 
155 154 
156 154 
157 154 
158 154 
159 154 
160 153 
161 154 
162 154 
163 154 
164 154 
165 154 
166 154 
167 154 
168 154 
169 154 
170 154 
171 154 
172 154 
173 154 
174 154 
175 153 
176 154 
177 154 
178 154 
179 154 
180 153 
181 154 
182 154 
183 154 
184 154 
185 154 
186 154 
187 154 
188 154 
189 154 
190 154 
191 154 
192 154 
193 154 
194 154 
195 153 
196 154 
197 154 
198 154 
199 154 
200 154 
201 154 
202 154 
203 154 
204 154 
205 154 
206 154 
207 154 
208 154 
209 154 
210 153 
211 154 
212 154 
213 154 
214 154 
215 153 
216 154 
217 154 
218 154 
219 154 
220 154 
221 154 
222 154 
223 154 
224 154 
225 154 
226 154 
227 154 
228 154 
229 154 
230 154 
231 153 
232 154 
233 154 
234 154 
235 154 
236 154 
237 154 
238 153 
239 154 
240 154 
241 154 
242 154 
243 154 
244 154 
245 154 
246 154 
247 154 
248 154 
249 154 
250 154 
251 154 
252 154 
253 154 
254 154 
255 154 
256 154 
257 154 
258 154 
259 153 
260 154 
261 154 
262 154 
263 154 
264 154 
265 154 
266 154 
267 154 
268 154 
269 154 
270 154 
271 154 
272 154 
273 154 
274 154 
275 154 
276 154 
277 154 
278 154 
279 154 
280 153 
281 154 
282 154 
283 154 
284 154 
285 154 
286 154 
287 154 
288 154 
289 154 
290 154 
291 154 
292 154 
293 154 
294 154 
295 154 
296 153 
297 154 
298 154 
299 154 
300 154 
301 154 
302 154 
303 154 
304 154 
305 153 
306 154 
307 154 
308 154 
309 154 
310 154 
311 154 
312 154 
313 154 
314 154 
315 154 
316 154 
317 153 
318 154 
319 154 
320 154 
321 154 
322 154 
323 154 
324 154 
325 154 
326 154 
327 154 
328 154 
329 154 
330 153 
331 154 
332 154 
333 154 
334 154 
335 153 
336 154 
337 154 
338 154 
339 153 
340 154 
341 154 
342 154 
343 154 
344 154 
345 154 
346 154 
347 154 
348 154 
349 154 
350 154 
351 154 
352 154 
353 154 
354 154 
355 154 
356 154 
357 154 
358 154 
359 154 
360 154 
361 154 
362 154 
363 155 
364 154 
365 154 
366 154 
367 154 
368 155 
369 154 
370 154 
371 154 
372 154 
373 154 
374 154 
375 154 
376 154 
377 154 
378 154 
379 154 
380 154 
381 154 
382 154 
383 154 
384 154 
385 154 
386 154 
387 154 
388 154 
389 154 
390 154 
391 154 
392 154 
393 154 
394 154 
395 154 
396 154 
397 154 
398 154 
399 154 
400 154 
401 154 
402 154 
403 154 
404 154 
405 154 
406 154 
407 154 
408 154 
409 154 
410 154 
411 154 
412 154 
413 154 
414 154 
415 154 
416 154 
417 154 
418 154 
419 154 
420 154 
421 154 
422 154 
423 154 
424 154 
425 154 
426 154 
427 154 
428 154 
429 154 
430 154 
431 154 
432 154 
433 154 
434 154 
435 154 
436 154 
437 153 
438 154 
439 154 
440 154 
441 154 
442 154 
443 154 
444 154 
445 154 
446 154 
447 154 
448 154 
449 153 
450 154 
451 154 
452 154 
453 154 
454 154 
455 154 
456 154 
457 154 
458 154 
459 154 
460 154 
461 154 
462 154 
463 154 
464 154 
465 154 
466 154 
467 154 
468 154 
469 154 
470 154 
471 154 
472 154 
473 154 
474 154 
475 154 
476 154 
477 154 
478 154 
479 154 
480 154 
481 154 
482 154 
483 154 
484 154 
485 154 
486 154 
487 154 
488 153 
489 154 
490 154 
491 154 
492 154 
493 154 
494 154 
495 154 
496 154 
497 154 
498 154 
499 154 
500 154 
