1 1807 
2 1807 
3 1807 
4 1807 
5 1807 
6 1807 
7 1807 
8 1807 
9 1807 
10 1807 
11 1807 
12 1807 
13 1807 
14 1807 
15 1807 
16 1807 
17 1807 
18 1807 
19 1807 
20 1807 
21 1807 
22 1807 
23 1807 
24 1807 
25 1807 
26 1807 
27 1807 
28 1807 
29 1807 
30 1807 
31 1807 
32 1807 
33 1807 
34 1808 
35 1807 
36 1807 
37 1807 
38 1807 
39 1807 
40 1807 
41 1807 
42 1807 
43 1807 
44 1807 
45 1807 
46 1807 
47 1807 
48 1807 
49 1807 
50 1807 
51 1807 
52 1807 
53 1807 
54 1807 
55 1807 
56 1807 
57 1807 
58 1807 
59 1807 
60 1807 
61 1807 
62 1807 
63 1807 
64 1807 
65 1807 
66 1807 
67 1807 
68 1807 
69 1807 
70 1807 
71 1807 
72 1807 
73 1807 
74 1807 
75 1807 
76 1807 
77 1807 
78 1807 
79 1807 
80 1807 
81 1807 
82 1807 
83 1807 
84 1807 
85 1807 
86 1807 
87 1807 
88 1807 
89 1807 
90 1806 
91 1807 
92 1807 
93 1807 
94 1807 
95 1807 
96 1807 
97 1808 
98 1807 
99 1807 
100 1807 
101 1807 
102 1807 
103 1807 
104 1808 
105 1807 
106 1807 
107 1807 
108 1807 
109 1807 
110 1807 
111 1807 
112 1807 
113 1807 
114 1807 
115 1807 
116 1807 
117 1807 
118 1807 
119 1807 
120 1807 
121 1807 
122 1807 
123 1807 
124 1807 
125 1807 
126 1807 
127 1807 
128 1807 
129 1807 
130 1807 
131 1807 
132 1807 
133 1807 
134 1807 
135 1807 
136 1807 
137 1807 
138 1807 
139 1807 
140 1807 
141 1807 
142 1807 
143 1807 
144 1807 
145 1808 
146 1807 
147 1807 
148 1807 
149 1807 
150 1807 
151 1806 
152 1807 
153 1807 
154 1807 
155 1807 
156 1807 
157 1807 
158 1808 
159 1807 
160 1807 
161 1807 
162 1807 
163 1807 
164 1807 
165 1808 
166 1807 
167 1807 
168 1807 
169 1807 
170 1808 
171 1806 
172 1807 
173 1807 
174 1807 
175 1807 
176 1806 
177 1807 
178 1807 
179 1807 
180 1807 
181 1806 
182 1807 
183 1807 
184 1807 
185 1807 
186 1807 
187 1807 
188 1807 
189 1807 
190 1807 
191 1807 
192 1807 
193 1807 
194 1807 
195 1807 
196 1807 
197 1807 
198 1807 
199 1807 
200 1807 
201 1807 
202 1807 
203 1807 
204 1807 
205 1807 
206 1807 
207 1807 
208 1807 
209 1807 
210 1807 
211 1807 
212 1807 
213 1807 
214 1807 
215 1807 
216 1807 
217 1807 
218 1807 
219 1807 
220 1807 
221 1807 
222 1807 
223 1807 
224 1807 
225 1807 
226 1807 
227 1807 
228 1807 
229 1807 
230 1807 
231 1807 
232 1807 
233 1807 
234 1807 
235 1807 
236 1807 
237 1807 
238 1807 
239 1807 
240 1807 
241 1807 
242 1807 
243 1807 
244 1807 
245 1807 
246 1807 
247 1807 
248 1807 
249 1806 
250 1807 
251 1806 
252 1807 
253 1807 
254 1807 
255 1807 
256 1807 
257 1806 
258 1807 
259 1807 
260 1807 
261 1807 
262 1807 
263 1807 
264 1807 
265 1807 
266 1807 
267 1807 
268 1807 
269 1807 
270 1807 
271 1807 
272 1807 
273 1807 
274 1807 
275 1807 
276 1807 
277 1807 
278 1807 
279 1807 
280 1807 
281 1807 
282 1807 
283 1807 
284 1807 
285 1807 
286 1807 
287 1807 
288 1807 
289 1807 
290 1807 
291 1807 
292 1807 
293 1807 
294 1807 
295 1807 
296 1807 
297 1807 
298 1807 
299 1807 
300 1807 
301 1807 
302 1807 
303 1807 
304 1807 
305 1807 
306 1807 
307 1807 
308 1807 
309 1807 
310 1807 
311 1807 
312 1807 
313 1807 
314 1807 
315 1807 
316 1806 
317 1807 
318 1807 
319 1807 
320 1807 
321 1807 
322 1807 
323 1807 
324 1807 
325 1807 
326 1806 
327 1807 
328 1807 
329 1807 
330 1807 
331 1807 
332 1807 
333 1807 
334 1807 
335 1808 
336 1807 
337 1807 
338 1807 
339 1807 
340 1807 
341 1807 
342 1807 
343 1808 
344 1807 
345 1807 
346 1807 
347 1806 
348 1807 
349 1807 
350 1807 
351 1807 
352 1807 
353 1807 
354 1807 
355 1807 
356 1807 
357 1806 
358 1807 
359 1807 
360 1807 
361 1807 
362 1806 
363 1807 
364 1807 
365 1807 
366 1807 
367 1807 
368 1807 
369 1807 
370 1807 
371 1807 
372 1807 
373 1807 
374 1807 
375 1807 
376 1807 
377 1807 
378 1807 
379 1807 
380 1807 
381 1807 
382 1807 
383 1807 
384 1807 
385 1807 
386 1807 
387 1807 
388 1807 
389 1807 
390 1807 
391 1807 
392 1807 
393 1807 
394 1807 
395 1807 
396 1807 
397 1807 
398 1807 
399 1807 
400 1807 
401 1808 
402 1807 
403 1807 
404 1807 
405 1807 
406 1807 
407 1807 
408 1807 
409 1807 
410 1807 
411 1807 
412 1807 
413 1807 
414 1807 
415 1807 
416 1807 
417 1807 
418 1807 
419 1807 
420 1807 
421 1807 
422 1807 
423 1807 
424 1807 
425 1807 
426 1807 
427 1807 
428 1807 
429 1807 
430 1807 
431 1807 
432 1807 
433 1807 
434 1807 
435 1807 
436 1807 
437 1807 
438 1807 
439 1807 
440 1807 
441 1807 
442 1807 
443 1807 
444 1807 
445 1807 
446 1807 
447 1807 
448 1807 
449 1807 
450 1807 
451 1807 
452 1807 
453 1807 
454 1807 
455 1807 
456 1807 
457 1807 
458 1807 
459 1807 
460 1807 
461 1807 
462 1807 
463 1807 
464 1807 
465 1807 
466 1807 
467 1807 
468 1807 
469 1807 
470 1807 
471 1807 
472 1807 
473 1807 
474 1808 
475 1807 
476 1807 
477 1807 
478 1807 
479 1807 
480 1807 
481 1806 
482 1807 
483 1807 
484 1807 
485 1807 
486 1807 
487 1807 
488 1807 
489 1807 
490 1807 
491 1807 
492 1808 
493 1807 
494 1807 
495 1807 
496 1807 
497 1807 
498 1807 
499 1807 
500 1807 
