1 2359 
2 2358 
3 2359 
4 2359 
5 2359 
6 2359 
7 2358 
8 2358 
9 2359 
10 2358 
11 2359 
12 2359 
13 2359 
14 2359 
15 2359 
16 2359 
17 2359 
18 2359 
19 2359 
20 2359 
21 2359 
22 2359 
23 2359 
24 2359 
25 2359 
26 2359 
27 2359 
28 2358 
29 2359 
30 2359 
31 2358 
32 2359 
33 2359 
34 2359 
35 2359 
36 2359 
37 2359 
38 2359 
39 2358 
40 2359 
41 2359 
42 2359 
43 2359 
44 2359 
45 2358 
46 2359 
47 2358 
48 2359 
49 2359 
50 2359 
51 2359 
52 2358 
53 2358 
54 2359 
55 2359 
56 2359 
57 2359 
58 2359 
59 2359 
60 2359 
61 2359 
62 2359 
63 2359 
64 2358 
65 2358 
66 2359 
67 2359 
68 2358 
69 2359 
70 2359 
71 2359 
72 2359 
73 2359 
74 2359 
75 2359 
76 2359 
77 2358 
78 2359 
79 2358 
80 2359 
81 2359 
82 2359 
83 2359 
84 2358 
85 2358 
86 2358 
87 2359 
88 2359 
89 2359 
90 2359 
91 2359 
92 2358 
93 2359 
94 2359 
95 2359 
96 2359 
97 2359 
98 2359 
99 2358 
100 2358 
101 2359 
102 2359 
103 2359 
104 2359 
105 2359 
106 2359 
107 2358 
108 2359 
109 2359 
110 2359 
111 2358 
112 2359 
113 2359 
114 2359 
115 2358 
116 2359 
117 2359 
118 2359 
119 2359 
120 2359 
121 2359 
122 2358 
123 2359 
124 2359 
125 2359 
126 2358 
127 2359 
128 2359 
129 2358 
130 2359 
131 2359 
132 2359 
133 2359 
134 2359 
135 2358 
136 2359 
137 2359 
138 2359 
139 2359 
140 2359 
141 2359 
142 2359 
143 2359 
144 2358 
145 2359 
146 2359 
147 2359 
148 2359 
149 2359 
150 2359 
151 2359 
152 2358 
153 2358 
154 2359 
155 2359 
156 2359 
157 2359 
158 2358 
159 2359 
160 2359 
161 2359 
162 2359 
163 2358 
164 2359 
165 2359 
166 2359 
167 2359 
168 2359 
169 2359 
170 2359 
171 2359 
172 2358 
173 2359 
174 2359 
175 2358 
176 2359 
177 2358 
178 2358 
179 2359 
180 2359 
181 2358 
182 2359 
183 2359 
184 2359 
185 2359 
186 2358 
187 2359 
188 2359 
189 2359 
190 2359 
191 2359 
192 2359 
193 2359 
194 2359 
195 2359 
196 2359 
197 2359 
198 2359 
199 2359 
200 2359 
201 2358 
202 2359 
203 2359 
204 2359 
205 2360 
206 2359 
207 2358 
208 2359 
209 2359 
210 2359 
211 2359 
212 2359 
213 2358 
214 2359 
215 2358 
216 2359 
217 2359 
218 2359 
219 2359 
220 2359 
221 2359 
222 2359 
223 2358 
224 2359 
225 2359 
226 2359 
227 2359 
228 2359 
229 2359 
230 2359 
231 2359 
232 2359 
233 2359 
234 2359 
235 2359 
236 2358 
237 2358 
238 2359 
239 2359 
240 2359 
241 2359 
242 2359 
243 2359 
244 2359 
245 2359 
246 2359 
247 2359 
248 2359 
249 2358 
250 2359 
251 2359 
252 2359 
253 2359 
254 2359 
255 2358 
256 2358 
257 2359 
258 2359 
259 2358 
260 2358 
261 2359 
262 2359 
263 2359 
264 2359 
265 2359 
266 2358 
267 2359 
268 2359 
269 2359 
270 2358 
271 2358 
272 2359 
273 2358 
274 2358 
275 2359 
276 2359 
277 2359 
278 2359 
279 2359 
280 2358 
281 2359 
282 2359 
283 2359 
284 2359 
285 2358 
286 2359 
287 2359 
288 2359 
289 2359 
290 2359 
291 2359 
292 2359 
293 2358 
294 2359 
295 2359 
296 2359 
297 2359 
298 2359 
299 2359 
300 2359 
301 2359 
302 2359 
303 2360 
304 2359 
305 2359 
306 2359 
307 2359 
308 2359 
309 2359 
310 2359 
311 2359 
312 2359 
313 2358 
314 2358 
315 2359 
316 2359 
317 2359 
318 2359 
319 2358 
320 2359 
321 2359 
322 2359 
323 2359 
324 2359 
325 2359 
326 2359 
327 2359 
328 2358 
329 2359 
330 2359 
331 2359 
332 2359 
333 2359 
334 2359 
335 2359 
336 2359 
337 2359 
338 2359 
339 2359 
340 2359 
341 2358 
342 2359 
343 2358 
344 2359 
345 2359 
346 2359 
347 2359 
348 2359 
349 2359 
350 2359 
351 2359 
352 2359 
353 2359 
354 2359 
355 2359 
356 2359 
357 2358 
358 2359 
359 2359 
360 2359 
361 2359 
362 2359 
363 2359 
364 2359 
365 2359 
366 2359 
367 2358 
368 2358 
369 2359 
370 2358 
371 2359 
372 2359 
373 2359 
374 2359 
375 2359 
376 2359 
377 2359 
378 2359 
379 2359 
380 2359 
381 2359 
382 2359 
383 2359 
384 2358 
385 2358 
386 2359 
387 2359 
388 2359 
389 2358 
390 2359 
391 2359 
392 2359 
393 2359 
394 2359 
395 2359 
396 2359 
397 2359 
398 2359 
399 2359 
400 2358 
401 2359 
402 2358 
403 2359 
404 2359 
405 2359 
406 2359 
407 2358 
408 2359 
409 2359 
410 2359 
411 2359 
412 2358 
413 2359 
414 2359 
415 2359 
416 2359 
417 2359 
418 2359 
419 2358 
420 2359 
421 2359 
422 2359 
423 2358 
424 2359 
425 2359 
426 2359 
427 2358 
428 2359 
429 2359 
430 2359 
431 2359 
432 2359 
433 2359 
434 2359 
435 2359 
436 2359 
437 2359 
438 2359 
439 2358 
440 2359 
441 2359 
442 2359 
443 2359 
444 2359 
445 2359 
446 2359 
447 2359 
448 2359 
449 2359 
450 2359 
451 2359 
452 2359 
453 2359 
454 2359 
455 2359 
456 2359 
457 2359 
458 2359 
459 2359 
460 2359 
461 2358 
462 2358 
463 2359 
464 2359 
465 2359 
466 2359 
467 2358 
468 2358 
469 2358 
470 2358 
471 2359 
472 2359 
473 2359 
474 2360 
475 2359 
476 2359 
477 2359 
478 2359 
479 2359 
480 2359 
481 2359 
482 2359 
483 2359 
484 2359 
485 2359 
486 2359 
487 2359 
488 2359 
489 2359 
490 2359 
491 2359 
492 2359 
493 2359 
494 2358 
495 2359 
496 2359 
497 2358 
498 2358 
499 2359 
500 2358 
