1 2590 
2 2590 
3 2591 
4 2591 
5 2590 
6 2590 
7 2590 
8 2590 
9 2590 
10 2590 
11 2590 
12 2590 
13 2590 
14 2590 
15 2591 
16 2590 
17 2590 
18 2590 
19 2590 
20 2590 
21 2590 
22 2590 
23 2590 
24 2590 
25 2590 
26 2591 
27 2590 
28 2590 
29 2590 
30 2590 
31 2590 
32 2591 
33 2590 
34 2590 
35 2590 
36 2590 
37 2590 
38 2590 
39 2590 
40 2590 
41 2590 
42 2590 
43 2590 
44 2591 
45 2591 
46 2590 
47 2591 
48 2591 
49 2591 
50 2591 
51 2590 
52 2590 
53 2590 
54 2591 
55 2591 
56 2590 
57 2590 
58 2591 
59 2590 
60 2590 
61 2590 
62 2590 
63 2590 
64 2590 
65 2590 
66 2590 
67 2590 
68 2590 
69 2590 
70 2590 
71 2590 
72 2590 
73 2590 
74 2591 
75 2590 
76 2590 
77 2590 
78 2590 
79 2590 
80 2589 
81 2590 
82 2590 
83 2591 
84 2590 
85 2590 
86 2590 
87 2590 
88 2590 
89 2590 
90 2590 
91 2590 
92 2590 
93 2590 
94 2590 
95 2590 
96 2590 
97 2590 
98 2590 
99 2590 
100 2590 
101 2590 
102 2590 
103 2590 
104 2590 
105 2590 
106 2590 
107 2590 
108 2590 
109 2590 
110 2590 
111 2590 
112 2590 
113 2590 
114 2589 
115 2590 
116 2590 
117 2590 
118 2590 
119 2590 
120 2590 
121 2590 
122 2590 
123 2590 
124 2590 
125 2590 
126 2590 
127 2589 
128 2590 
129 2590 
130 2589 
131 2590 
132 2590 
133 2590 
134 2590 
135 2589 
136 2590 
137 2590 
138 2590 
139 2590 
140 2590 
141 2590 
142 2590 
143 2590 
144 2590 
145 2590 
146 2590 
147 2590 
148 2590 
149 2590 
150 2590 
151 2590 
152 2590 
153 2590 
154 2590 
155 2590 
156 2590 
157 2590 
158 2590 
159 2590 
160 2590 
161 2590 
162 2590 
163 2590 
164 2590 
165 2590 
166 2590 
167 2590 
168 2590 
169 2590 
170 2590 
171 2590 
172 2590 
173 2590 
174 2590 
175 2589 
176 2590 
177 2590 
178 2590 
179 2589 
180 2591 
181 2590 
182 2590 
183 2590 
184 2590 
185 2590 
186 2590 
187 2590 
188 2590 
189 2590 
190 2590 
191 2590 
192 2589 
193 2590 
194 2591 
195 2590 
196 2590 
197 2590 
198 2590 
199 2590 
200 2590 
201 2590 
202 2590 
203 2590 
204 2590 
205 2590 
206 2590 
207 2590 
208 2589 
209 2590 
210 2590 
211 2590 
212 2590 
213 2589 
214 2590 
215 2590 
216 2590 
217 2590 
218 2589 
219 2590 
220 2590 
221 2590 
222 2589 
223 2590 
224 2590 
225 2590 
226 2590 
227 2589 
228 2590 
229 2590 
230 2590 
231 2590 
232 2590 
233 2590 
234 2590 
235 2590 
236 2590 
237 2590 
238 2590 
239 2590 
240 2590 
241 2589 
242 2590 
243 2590 
244 2590 
245 2590 
246 2590 
247 2590 
248 2590 
249 2590 
250 2590 
251 2590 
252 2590 
253 2590 
254 2590 
255 2590 
256 2589 
257 2590 
258 2590 
259 2590 
260 2590 
261 2590 
262 2590 
263 2590 
264 2589 
265 2590 
266 2590 
267 2590 
268 2590 
269 2590 
270 2590 
271 2590 
272 2590 
273 2590 
274 2590 
275 2590 
276 2590 
277 2590 
278 2590 
279 2590 
280 2590 
281 2590 
282 2590 
283 2590 
284 2590 
285 2590 
286 2590 
287 2590 
288 2590 
289 2590 
290 2590 
291 2589 
292 2589 
293 2589 
294 2590 
295 2590 
296 2590 
297 2590 
298 2589 
299 2590 
300 2590 
301 2589 
302 2590 
303 2590 
304 2590 
305 2590 
306 2590 
307 2590 
308 2590 
309 2590 
310 2589 
311 2590 
312 2590 
313 2589 
314 2589 
315 2590 
316 2590 
317 2590 
318 2590 
319 2589 
320 2590 
321 2589 
322 2590 
323 2589 
324 2589 
325 2590 
326 2590 
327 2590 
328 2590 
329 2590 
330 2590 
331 2589 
332 2590 
333 2589 
334 2589 
335 2589 
336 2589 
337 2590 
338 2589 
339 2589 
340 2589 
341 2589 
342 2590 
343 2589 
344 2589 
345 2590 
346 2589 
347 2590 
348 2590 
349 2590 
350 2590 
351 2590 
352 2590 
353 2590 
354 2589 
355 2590 
356 2590 
357 2590 
358 2589 
359 2589 
360 2589 
361 2589 
362 2589 
363 2589 
364 2589 
365 2590 
366 2590 
367 2589 
368 2589 
369 2590 
370 2590 
371 2589 
372 2589 
373 2590 
374 2589 
375 2590 
376 2590 
377 2589 
378 2589 
379 2589 
380 2589 
381 2590 
382 2589 
383 2590 
384 2589 
385 2589 
386 2590 
387 2589 
388 2589 
389 2589 
390 2589 
391 2589 
392 2589 
393 2590 
394 2590 
395 2589 
396 2589 
397 2589 
398 2589 
399 2590 
400 2590 
401 2589 
402 2589 
403 2590 
404 2589 
405 2589 
406 2590 
407 2589 
408 2589 
409 2589 
410 2589 
411 2589 
412 2589 
413 2590 
414 2590 
415 2590 
416 2590 
417 2589 
418 2589 
419 2589 
420 2589 
421 2589 
422 2590 
423 2589 
424 2589 
425 2589 
426 2589 
427 2590 
428 2589 
429 2589 
430 2590 
431 2590 
432 2589 
433 2589 
434 2589 
435 2589 
436 2590 
437 2590 
438 2589 
439 2590 
440 2589 
441 2589 
442 2589 
443 2589 
444 2590 
445 2589 
446 2589 
447 2589 
448 2589 
449 2590 
450 2589 
451 2590 
452 2589 
453 2589 
454 2589 
455 2589 
456 2589 
457 2590 
458 2590 
459 2589 
460 2589 
461 2589 
462 2589 
463 2589 
464 2589 
465 2590 
466 2589 
467 2589 
468 2589 
469 2589 
470 2590 
471 2589 
472 2589 
473 2589 
474 2589 
475 2589 
476 2589 
477 2589 
478 2589 
479 2589 
480 2589 
481 2589 
482 2589 
483 2589 
484 2590 
485 2589 
486 2589 
487 2590 
488 2589 
489 2589 
490 2589 
491 2589 
492 2590 
493 2589 
494 2589 
495 2589 
496 2589 
497 2590 
498 2589 
499 2589 
500 2589 
