1 2934 
2 2934 
3 2934 
4 2934 
5 2934 
6 2933 
7 2934 
8 2934 
9 2934 
10 2934 
11 2934 
12 2934 
13 2934 
14 2934 
15 2934 
16 2934 
17 2935 
18 2934 
19 2935 
20 2934 
21 2934 
22 2934 
23 2934 
24 2934 
25 2934 
26 2934 
27 2934 
28 2934 
29 2934 
30 2934 
31 2934 
32 2934 
33 2934 
34 2934 
35 2934 
36 2934 
37 2933 
38 2934 
39 2934 
40 2934 
41 2935 
42 2934 
43 2934 
44 2934 
45 2934 
46 2934 
47 2934 
48 2934 
49 2934 
50 2934 
51 2934 
52 2934 
53 2934 
54 2934 
55 2934 
56 2934 
57 2934 
58 2934 
59 2934 
60 2934 
61 2934 
62 2934 
63 2934 
64 2934 
65 2934 
66 2934 
67 2934 
68 2934 
69 2934 
70 2934 
71 2934 
72 2934 
73 2933 
74 2934 
75 2934 
76 2934 
77 2934 
78 2934 
79 2934 
80 2934 
81 2934 
82 2934 
83 2934 
84 2934 
85 2934 
86 2934 
87 2934 
88 2934 
89 2934 
90 2934 
91 2934 
92 2934 
93 2934 
94 2934 
95 2934 
96 2934 
97 2934 
98 2935 
99 2934 
100 2933 
101 2934 
102 2934 
103 2934 
104 2934 
105 2934 
106 2934 
107 2934 
108 2934 
109 2934 
110 2934 
111 2933 
112 2934 
113 2935 
114 2934 
115 2934 
116 2935 
117 2934 
118 2934 
119 2935 
120 2934 
121 2934 
122 2934 
123 2934 
124 2934 
125 2934 
126 2933 
127 2934 
128 2934 
129 2934 
130 2934 
131 2934 
132 2934 
133 2934 
134 2935 
135 2934 
136 2934 
137 2934 
138 2933 
139 2934 
140 2934 
141 2933 
142 2934 
143 2934 
144 2934 
145 2934 
146 2933 
147 2934 
148 2934 
149 2934 
150 2934 
151 2934 
152 2934 
153 2934 
154 2935 
155 2934 
156 2934 
157 2934 
158 2933 
159 2934 
160 2934 
161 2935 
162 2933 
163 2933 
164 2934 
165 2934 
166 2934 
167 2934 
168 2934 
169 2934 
170 2933 
171 2934 
172 2934 
173 2935 
174 2934 
175 2934 
176 2934 
177 2934 
178 2934 
179 2934 
180 2935 
181 2934 
182 2934 
183 2934 
184 2934 
185 2934 
186 2934 
187 2934 
188 2934 
189 2934 
190 2934 
191 2934 
192 2934 
193 2934 
194 2934 
195 2934 
196 2934 
197 2934 
198 2933 
199 2933 
200 2934 
201 2935 
202 2934 
203 2934 
204 2934 
205 2934 
206 2934 
207 2934 
208 2934 
209 2934 
210 2934 
211 2935 
212 2933 
213 2934 
214 2934 
215 2934 
216 2934 
217 2934 
218 2934 
219 2934 
220 2935 
221 2934 
222 2934 
223 2934 
224 2934 
225 2934 
226 2934 
227 2934 
228 2934 
229 2934 
230 2934 
231 2934 
232 2934 
233 2934 
234 2934 
235 2934 
236 2934 
237 2934 
238 2934 
239 2934 
240 2934 
241 2934 
242 2934 
243 2934 
244 2934 
245 2934 
246 2934 
247 2934 
248 2934 
249 2934 
250 2934 
251 2934 
252 2934 
253 2934 
254 2934 
255 2934 
256 2934 
257 2933 
258 2934 
259 2934 
260 2934 
261 2934 
262 2934 
263 2933 
264 2934 
265 2934 
266 2934 
267 2934 
268 2934 
269 2934 
270 2934 
271 2934 
272 2934 
273 2934 
274 2935 
275 2934 
276 2934 
277 2934 
278 2934 
279 2934 
280 2934 
281 2933 
282 2934 
283 2934 
284 2934 
285 2934 
286 2934 
287 2934 
288 2934 
289 2934 
290 2934 
291 2934 
292 2934 
293 2934 
294 2934 
295 2934 
296 2934 
297 2934 
298 2934 
299 2934 
300 2934 
301 2934 
302 2934 
303 2934 
304 2934 
305 2933 
306 2934 
307 2934 
308 2934 
309 2934 
310 2934 
311 2934 
312 2934 
313 2934 
314 2934 
315 2934 
316 2934 
317 2934 
318 2934 
319 2934 
320 2934 
321 2934 
322 2934 
323 2934 
324 2934 
325 2934 
326 2934 
327 2934 
328 2933 
329 2934 
330 2933 
331 2934 
332 2934 
333 2934 
334 2934 
335 2934 
336 2934 
337 2934 
338 2934 
339 2934 
340 2934 
341 2934 
342 2934 
343 2934 
344 2933 
345 2934 
346 2935 
347 2934 
348 2934 
349 2934 
350 2934 
351 2934 
352 2934 
353 2934 
354 2934 
355 2934 
356 2934 
357 2934 
358 2933 
359 2934 
360 2934 
361 2934 
362 2934 
363 2933 
364 2933 
365 2934 
366 2934 
367 2934 
368 2934 
369 2934 
370 2934 
371 2934 
372 2934 
373 2934 
374 2933 
375 2934 
376 2934 
377 2934 
378 2934 
379 2934 
380 2934 
381 2934 
382 2933 
383 2934 
384 2934 
385 2934 
386 2934 
387 2934 
388 2935 
389 2934 
390 2934 
391 2934 
392 2934 
393 2934 
394 2933 
395 2934 
396 2934 
397 2934 
398 2933 
399 2934 
400 2934 
401 2934 
402 2934 
403 2934 
404 2934 
405 2934 
406 2934 
407 2934 
408 2934 
409 2934 
410 2934 
411 2934 
412 2933 
413 2934 
414 2934 
415 2934 
416 2934 
417 2934 
418 2934 
419 2934 
420 2934 
421 2934 
422 2934 
423 2933 
424 2934 
425 2934 
426 2934 
427 2934 
428 2934 
429 2934 
430 2934 
431 2934 
432 2934 
433 2934 
434 2933 
435 2934 
436 2934 
437 2934 
438 2935 
439 2934 
440 2934 
441 2934 
442 2934 
443 2933 
444 2934 
445 2933 
446 2934 
447 2933 
448 2934 
449 2933 
450 2934 
451 2934 
452 2934 
453 2934 
454 2934 
455 2934 
456 2934 
457 2934 
458 2934 
459 2934 
460 2934 
461 2934 
462 2934 
463 2934 
464 2934 
465 2934 
466 2934 
467 2935 
468 2934 
469 2934 
470 2934 
471 2934 
472 2934 
473 2934 
474 2934 
475 2934 
476 2934 
477 2934 
478 2934 
479 2934 
480 2934 
481 2933 
482 2934 
483 2934 
484 2934 
485 2934 
486 2934 
487 2934 
488 2934 
489 2934 
490 2935 
491 2934 
492 2934 
493 2934 
494 2934 
495 2934 
496 2934 
497 2934 
498 2934 
499 2934 
500 2933 
