1 3143 
2 3142 
3 3142 
4 3142 
5 3143 
6 3143 
7 3142 
8 3142 
9 3142 
10 3142 
11 3143 
12 3143 
13 3143 
14 3142 
15 3143 
16 3143 
17 3142 
18 3142 
19 3143 
20 3142 
21 3143 
22 3142 
23 3142 
24 3143 
25 3142 
26 3142 
27 3142 
28 3142 
29 3142 
30 3142 
31 3142 
32 3142 
33 3142 
34 3143 
35 3142 
36 3142 
37 3143 
38 3142 
39 3143 
40 3142 
41 3142 
42 3143 
43 3142 
44 3142 
45 3143 
46 3143 
47 3143 
48 3142 
49 3143 
50 3142 
51 3143 
52 3141 
53 3143 
54 3142 
55 3142 
56 3142 
57 3142 
58 3142 
59 3142 
60 3143 
61 3142 
62 3142 
63 3143 
64 3142 
65 3142 
66 3142 
67 3142 
68 3142 
69 3142 
70 3142 
71 3142 
72 3142 
73 3142 
74 3142 
75 3142 
76 3143 
77 3143 
78 3142 
79 3143 
80 3142 
81 3142 
82 3143 
83 3142 
84 3143 
85 3143 
86 3143 
87 3142 
88 3142 
89 3142 
90 3142 
91 3142 
92 3143 
93 3142 
94 3142 
95 3142 
96 3142 
97 3142 
98 3142 
99 3143 
100 3142 
101 3142 
102 3143 
103 3142 
104 3142 
105 3142 
106 3142 
107 3142 
108 3142 
109 3142 
110 3141 
111 3142 
112 3142 
113 3142 
114 3142 
115 3142 
116 3142 
117 3142 
118 3142 
119 3142 
120 3142 
121 3143 
122 3142 
123 3142 
124 3142 
125 3142 
126 3142 
127 3142 
128 3142 
129 3142 
130 3142 
131 3142 
132 3142 
133 3142 
134 3142 
135 3143 
136 3142 
137 3142 
138 3142 
139 3142 
140 3142 
141 3142 
142 3142 
143 3142 
144 3143 
145 3143 
146 3142 
147 3142 
148 3142 
149 3142 
150 3142 
151 3142 
152 3142 
153 3142 
154 3142 
155 3142 
156 3143 
157 3142 
158 3142 
159 3142 
160 3142 
161 3142 
162 3142 
163 3143 
164 3142 
165 3142 
166 3142 
167 3142 
168 3142 
169 3142 
170 3143 
171 3142 
172 3142 
173 3142 
174 3142 
175 3142 
176 3142 
177 3142 
178 3142 
179 3143 
180 3142 
181 3142 
182 3142 
183 3142 
184 3142 
185 3143 
186 3142 
187 3142 
188 3142 
189 3142 
190 3143 
191 3142 
192 3143 
193 3142 
194 3142 
195 3141 
196 3142 
197 3142 
198 3142 
199 3142 
200 3142 
201 3142 
202 3142 
203 3142 
204 3142 
205 3142 
206 3142 
207 3142 
208 3142 
209 3142 
210 3142 
211 3143 
212 3142 
213 3142 
214 3143 
215 3142 
216 3142 
217 3142 
218 3142 
219 3142 
220 3142 
221 3142 
222 3142 
223 3142 
224 3142 
225 3142 
226 3142 
227 3142 
228 3142 
229 3142 
230 3142 
231 3142 
232 3142 
233 3142 
234 3142 
235 3142 
236 3142 
237 3142 
238 3142 
239 3142 
240 3142 
241 3142 
242 3142 
243 3142 
244 3142 
245 3142 
246 3142 
247 3142 
248 3143 
249 3142 
250 3142 
251 3142 
252 3141 
253 3142 
254 3142 
255 3142 
256 3142 
257 3142 
258 3142 
259 3142 
260 3141 
261 3142 
262 3143 
263 3143 
264 3142 
265 3142 
266 3142 
267 3142 
268 3143 
269 3142 
270 3142 
271 3141 
272 3142 
273 3143 
274 3142 
275 3142 
276 3143 
277 3142 
278 3142 
279 3143 
280 3142 
281 3142 
282 3142 
283 3142 
284 3142 
285 3142 
286 3142 
287 3143 
288 3141 
289 3141 
290 3142 
291 3142 
292 3142 
293 3142 
294 3142 
295 3142 
296 3141 
297 3141 
298 3142 
299 3142 
300 3141 
301 3142 
302 3142 
303 3142 
304 3142 
305 3142 
306 3142 
307 3142 
308 3142 
309 3142 
310 3142 
311 3142 
312 3142 
313 3142 
314 3142 
315 3142 
316 3142 
317 3142 
318 3142 
319 3142 
320 3142 
321 3142 
322 3142 
323 3142 
324 3143 
325 3142 
326 3142 
327 3142 
328 3141 
329 3142 
330 3142 
331 3142 
332 3141 
333 3142 
334 3143 
335 3142 
336 3142 
337 3142 
338 3142 
339 3142 
340 3142 
341 3142 
342 3142 
343 3142 
344 3142 
345 3142 
346 3142 
347 3142 
348 3142 
349 3141 
350 3142 
351 3142 
352 3142 
353 3142 
354 3142 
355 3142 
356 3142 
357 3142 
358 3142 
359 3142 
360 3142 
361 3142 
362 3142 
363 3142 
364 3142 
365 3142 
366 3142 
367 3141 
368 3142 
369 3143 
370 3142 
371 3142 
372 3142 
373 3142 
374 3142 
375 3142 
376 3142 
377 3142 
378 3142 
379 3142 
380 3142 
381 3142 
382 3142 
383 3142 
384 3142 
385 3142 
386 3142 
387 3142 
388 3142 
389 3142 
390 3142 
391 3141 
392 3142 
393 3142 
394 3142 
395 3142 
396 3142 
397 3142 
398 3142 
399 3142 
400 3142 
401 3142 
402 3142 
403 3142 
404 3142 
405 3142 
406 3142 
407 3142 
408 3142 
409 3142 
410 3142 
411 3142 
412 3141 
413 3142 
414 3141 
415 3142 
416 3142 
417 3142 
418 3142 
419 3142 
420 3142 
421 3141 
422 3142 
423 3142 
424 3142 
425 3141 
426 3142 
427 3142 
428 3142 
429 3142 
430 3142 
431 3142 
432 3142 
433 3141 
434 3142 
435 3142 
436 3142 
437 3142 
438 3142 
439 3141 
440 3142 
441 3142 
442 3142 
443 3142 
444 3142 
445 3142 
446 3142 
447 3142 
448 3142 
449 3142 
450 3142 
451 3142 
452 3142 
453 3142 
454 3142 
455 3142 
456 3142 
457 3142 
458 3142 
459 3142 
460 3142 
461 3142 
462 3141 
463 3142 
464 3142 
465 3141 
466 3141 
467 3142 
468 3142 
469 3142 
470 3142 
471 3142 
472 3142 
473 3142 
474 3142 
475 3142 
476 3142 
477 3142 
478 3142 
479 3142 
480 3141 
481 3142 
482 3142 
483 3141 
484 3142 
485 3142 
486 3142 
487 3141 
488 3142 
489 3142 
490 3142 
491 3141 
492 3142 
493 3141 
494 3141 
495 3142 
496 3142 
497 3141 
498 3142 
499 3141 
500 3142 
