1 304 
2 304 
3 304 
4 304 
5 304 
6 304 
7 304 
8 304 
9 304 
10 304 
11 304 
12 304 
13 304 
14 304 
15 304 
16 304 
17 304 
18 304 
19 304 
20 304 
21 304 
22 304 
23 304 
24 304 
25 304 
26 304 
27 304 
28 304 
29 304 
30 304 
31 304 
32 304 
33 304 
34 304 
35 304 
36 304 
37 304 
38 304 
39 304 
40 304 
41 304 
42 304 
43 304 
44 304 
45 304 
46 304 
47 304 
48 304 
49 304 
50 304 
51 304 
52 304 
53 304 
54 304 
55 304 
56 304 
57 304 
58 304 
59 304 
60 304 
61 304 
62 304 
63 305 
64 304 
65 304 
66 304 
67 304 
68 304 
69 304 
70 305 
71 304 
72 304 
73 305 
74 305 
75 304 
76 304 
77 304 
78 304 
79 304 
80 304 
81 304 
82 305 
83 304 
84 304 
85 304 
86 304 
87 304 
88 304 
89 304 
90 305 
91 305 
92 304 
93 304 
94 304 
95 304 
96 304 
97 304 
98 304 
99 304 
100 304 
101 304 
102 304 
103 304 
104 304 
105 304 
106 304 
107 304 
108 304 
109 304 
110 304 
111 304 
112 304 
113 304 
114 304 
115 304 
116 304 
117 304 
118 304 
119 304 
120 304 
121 304 
122 304 
123 304 
124 304 
125 304 
126 304 
127 304 
128 305 
129 304 
130 304 
131 304 
132 304 
133 304 
134 304 
135 304 
136 304 
137 304 
138 305 
139 304 
140 305 
141 304 
142 304 
143 304 
144 304 
145 304 
146 304 
147 304 
148 304 
149 304 
150 304 
151 304 
152 304 
153 304 
154 305 
155 304 
156 304 
157 304 
158 304 
159 304 
160 304 
161 304 
162 304 
163 304 
164 304 
165 305 
166 304 
167 304 
168 304 
169 304 
170 304 
171 304 
172 305 
173 304 
174 304 
175 304 
176 304 
177 304 
178 304 
179 304 
180 304 
181 304 
182 304 
183 304 
184 304 
185 304 
186 304 
187 304 
188 304 
189 304 
190 304 
191 304 
192 304 
193 304 
194 304 
195 304 
196 304 
197 304 
198 304 
199 304 
200 304 
201 304 
202 304 
203 304 
204 304 
205 304 
206 304 
207 304 
208 304 
209 304 
210 304 
211 304 
212 304 
213 304 
214 304 
215 304 
216 304 
217 304 
218 304 
219 304 
220 304 
221 304 
222 304 
223 304 
224 304 
225 304 
226 304 
227 304 
228 304 
229 304 
230 304 
231 304 
232 304 
233 304 
234 304 
235 304 
236 304 
237 304 
238 304 
239 304 
240 304 
241 304 
242 304 
243 304 
244 304 
245 304 
246 305 
247 304 
248 304 
249 304 
250 304 
251 304 
252 304 
253 304 
254 304 
255 304 
256 304 
257 304 
258 304 
259 304 
260 304 
261 304 
262 304 
263 304 
264 304 
265 304 
266 305 
267 304 
268 304 
269 304 
270 304 
271 304 
272 304 
273 304 
274 304 
275 304 
276 304 
277 304 
278 304 
279 304 
280 304 
281 304 
282 304 
283 304 
284 304 
285 304 
286 304 
287 304 
288 304 
289 304 
290 304 
291 304 
292 304 
293 304 
294 304 
295 304 
296 304 
297 304 
298 304 
299 304 
300 304 
301 304 
302 304 
303 304 
304 304 
305 304 
306 304 
307 304 
308 304 
309 304 
310 304 
311 304 
312 304 
313 304 
314 304 
315 304 
316 305 
317 304 
318 305 
319 304 
320 304 
321 304 
322 304 
323 304 
324 304 
325 304 
326 304 
327 304 
328 304 
329 304 
330 304 
331 304 
332 304 
333 304 
334 304 
335 304 
336 304 
337 304 
338 304 
339 304 
340 304 
341 304 
342 304 
343 304 
344 304 
345 304 
346 304 
347 304 
348 304 
349 304 
350 304 
351 304 
352 304 
353 304 
354 304 
355 304 
356 304 
357 304 
358 304 
359 304 
360 304 
361 304 
362 304 
363 304 
364 304 
365 304 
366 304 
367 304 
368 304 
369 304 
370 304 
371 304 
372 304 
373 304 
374 304 
375 304 
376 304 
377 305 
378 304 
379 304 
380 304 
381 304 
382 304 
383 304 
384 304 
385 304 
386 304 
387 304 
388 304 
389 304 
390 304 
391 304 
392 304 
393 304 
394 304 
395 304 
396 304 
397 304 
398 304 
399 304 
400 304 
401 304 
402 304 
403 304 
404 304 
405 304 
406 304 
407 304 
408 304 
409 305 
410 304 
411 304 
412 304 
413 304 
414 304 
415 304 
416 304 
417 304 
418 304 
419 304 
420 304 
421 304 
422 304 
423 304 
424 304 
425 304 
426 304 
427 304 
428 304 
429 304 
430 304 
431 304 
432 304 
433 304 
434 304 
435 304 
436 304 
437 304 
438 304 
439 304 
440 305 
441 304 
442 304 
443 304 
444 304 
445 304 
446 304 
447 304 
448 304 
449 304 
450 304 
451 304 
452 304 
453 304 
454 304 
455 304 
456 304 
457 304 
458 304 
459 304 
460 304 
461 304 
462 304 
463 305 
464 304 
465 304 
466 304 
467 304 
468 304 
469 304 
470 304 
471 304 
472 304 
473 304 
474 304 
475 304 
476 304 
477 304 
478 304 
479 304 
480 304 
481 304 
482 304 
483 304 
484 304 
485 304 
486 304 
487 304 
488 304 
489 304 
490 304 
491 304 
492 303 
493 304 
494 304 
495 304 
496 304 
497 304 
498 304 
499 304 
500 304 
