1 3428 
2 3428 
3 3428 
4 3428 
5 3428 
6 3428 
7 3428 
8 3429 
9 3428 
10 3428 
11 3428 
12 3428 
13 3428 
14 3428 
15 3428 
16 3428 
17 3428 
18 3428 
19 3428 
20 3428 
21 3428 
22 3428 
23 3428 
24 3428 
25 3428 
26 3428 
27 3428 
28 3428 
29 3428 
30 3428 
31 3428 
32 3428 
33 3427 
34 3427 
35 3428 
36 3428 
37 3428 
38 3428 
39 3428 
40 3428 
41 3428 
42 3428 
43 3428 
44 3428 
45 3428 
46 3428 
47 3428 
48 3428 
49 3428 
50 3428 
51 3428 
52 3429 
53 3428 
54 3428 
55 3428 
56 3428 
57 3428 
58 3428 
59 3428 
60 3428 
61 3428 
62 3428 
63 3428 
64 3428 
65 3428 
66 3428 
67 3428 
68 3429 
69 3428 
70 3428 
71 3428 
72 3428 
73 3428 
74 3428 
75 3428 
76 3428 
77 3428 
78 3428 
79 3428 
80 3428 
81 3428 
82 3428 
83 3428 
84 3427 
85 3428 
86 3428 
87 3428 
88 3428 
89 3428 
90 3428 
91 3428 
92 3428 
93 3428 
94 3428 
95 3428 
96 3428 
97 3428 
98 3428 
99 3428 
100 3428 
101 3428 
102 3428 
103 3428 
104 3428 
105 3428 
106 3427 
107 3428 
108 3428 
109 3428 
110 3428 
111 3428 
112 3428 
113 3428 
114 3427 
115 3428 
116 3427 
117 3428 
118 3428 
119 3428 
120 3428 
121 3428 
122 3428 
123 3428 
124 3428 
125 3428 
126 3428 
127 3429 
128 3427 
129 3427 
130 3427 
131 3428 
132 3428 
133 3428 
134 3428 
135 3428 
136 3428 
137 3428 
138 3428 
139 3429 
140 3428 
141 3428 
142 3428 
143 3428 
144 3428 
145 3427 
146 3429 
147 3428 
148 3428 
149 3428 
150 3427 
151 3428 
152 3428 
153 3429 
154 3429 
155 3428 
156 3428 
157 3428 
158 3428 
159 3428 
160 3428 
161 3428 
162 3428 
163 3428 
164 3427 
165 3428 
166 3428 
167 3428 
168 3428 
169 3428 
170 3428 
171 3428 
172 3428 
173 3428 
174 3428 
175 3428 
176 3428 
177 3427 
178 3427 
179 3428 
180 3428 
181 3428 
182 3428 
183 3428 
184 3427 
185 3427 
186 3428 
187 3427 
188 3427 
189 3427 
190 3428 
191 3428 
192 3428 
193 3428 
194 3428 
195 3428 
196 3428 
197 3428 
198 3428 
199 3428 
200 3428 
201 3428 
202 3428 
203 3428 
204 3428 
205 3428 
206 3428 
207 3427 
208 3428 
209 3427 
210 3428 
211 3428 
212 3428 
213 3429 
214 3428 
215 3429 
216 3427 
217 3428 
218 3428 
219 3428 
220 3428 
221 3427 
222 3428 
223 3428 
224 3428 
225 3427 
226 3428 
227 3428 
228 3427 
229 3427 
230 3428 
231 3428 
232 3428 
233 3428 
234 3428 
235 3427 
236 3428 
237 3428 
238 3428 
239 3427 
240 3428 
241 3428 
242 3428 
243 3427 
244 3428 
245 3428 
246 3428 
247 3427 
248 3428 
249 3427 
250 3428 
251 3428 
252 3428 
253 3428 
254 3427 
255 3428 
256 3428 
257 3428 
258 3428 
259 3427 
260 3428 
261 3428 
262 3427 
263 3428 
264 3427 
265 3428 
266 3428 
267 3428 
268 3428 
269 3428 
270 3428 
271 3427 
272 3428 
273 3428 
274 3428 
275 3428 
276 3428 
277 3428 
278 3428 
279 3428 
280 3428 
281 3428 
282 3428 
283 3427 
284 3428 
285 3427 
286 3427 
287 3428 
288 3427 
289 3428 
290 3428 
291 3428 
292 3428 
293 3428 
294 3428 
295 3428 
296 3428 
297 3428 
298 3428 
299 3428 
300 3428 
301 3427 
302 3428 
303 3428 
304 3428 
305 3427 
306 3428 
307 3428 
308 3428 
309 3429 
310 3427 
311 3428 
312 3428 
313 3428 
314 3428 
315 3428 
316 3428 
317 3428 
318 3428 
319 3428 
320 3428 
321 3428 
322 3427 
323 3428 
324 3427 
325 3428 
326 3428 
327 3427 
328 3428 
329 3428 
330 3427 
331 3428 
332 3428 
333 3428 
334 3428 
335 3428 
336 3428 
337 3428 
338 3427 
339 3428 
340 3428 
341 3428 
342 3427 
343 3427 
344 3428 
345 3428 
346 3427 
347 3428 
348 3428 
349 3428 
350 3428 
351 3428 
352 3428 
353 3428 
354 3427 
355 3428 
356 3428 
357 3427 
358 3428 
359 3428 
360 3428 
361 3428 
362 3427 
363 3428 
364 3428 
365 3428 
366 3427 
367 3428 
368 3428 
369 3427 
370 3428 
371 3428 
372 3427 
373 3428 
374 3428 
375 3428 
376 3427 
377 3428 
378 3428 
379 3428 
380 3427 
381 3427 
382 3428 
383 3428 
384 3428 
385 3427 
386 3427 
387 3428 
388 3427 
389 3427 
390 3428 
391 3427 
392 3428 
393 3428 
394 3428 
395 3428 
396 3427 
397 3428 
398 3428 
399 3427 
400 3428 
401 3428 
402 3428 
403 3428 
404 3428 
405 3427 
406 3427 
407 3427 
408 3428 
409 3427 
410 3428 
411 3427 
412 3428 
413 3428 
414 3428 
415 3428 
416 3427 
417 3428 
418 3428 
419 3428 
420 3427 
421 3428 
422 3427 
423 3428 
424 3428 
425 3428 
426 3427 
427 3428 
428 3427 
429 3428 
430 3428 
431 3428 
432 3428 
433 3428 
434 3428 
435 3427 
436 3428 
437 3428 
438 3427 
439 3428 
440 3428 
441 3428 
442 3427 
443 3428 
444 3428 
445 3428 
446 3428 
447 3428 
448 3428 
449 3427 
450 3427 
451 3428 
452 3428 
453 3428 
454 3428 
455 3427 
456 3428 
457 3428 
458 3428 
459 3428 
460 3427 
461 3428 
462 3427 
463 3427 
464 3427 
465 3428 
466 3428 
467 3427 
468 3428 
469 3428 
470 3427 
471 3428 
472 3428 
473 3427 
474 3428 
475 3428 
476 3427 
477 3428 
478 3428 
479 3427 
480 3427 
481 3428 
482 3428 
483 3427 
484 3427 
485 3428 
486 3427 
487 3428 
488 3428 
489 3427 
490 3428 
491 3428 
492 3428 
493 3427 
494 3428 
495 3428 
496 3428 
497 3428 
498 3428 
499 3427 
500 3428 
