1 3654 
2 3655 
3 3654 
4 3655 
5 3654 
6 3654 
7 3654 
8 3655 
9 3655 
10 3654 
11 3654 
12 3654 
13 3654 
14 3654 
15 3654 
16 3654 
17 3654 
18 3654 
19 3654 
20 3655 
21 3654 
22 3654 
23 3654 
24 3655 
25 3655 
26 3655 
27 3654 
28 3654 
29 3654 
30 3655 
31 3654 
32 3655 
33 3655 
34 3654 
35 3655 
36 3654 
37 3654 
38 3655 
39 3654 
40 3655 
41 3654 
42 3655 
43 3654 
44 3654 
45 3654 
46 3654 
47 3654 
48 3654 
49 3654 
50 3654 
51 3654 
52 3654 
53 3655 
54 3655 
55 3654 
56 3655 
57 3654 
58 3654 
59 3655 
60 3654 
61 3654 
62 3654 
63 3654 
64 3654 
65 3655 
66 3654 
67 3654 
68 3654 
69 3655 
70 3654 
71 3654 
72 3654 
73 3654 
74 3654 
75 3655 
76 3654 
77 3654 
78 3654 
79 3654 
80 3654 
81 3655 
82 3655 
83 3654 
84 3654 
85 3654 
86 3654 
87 3654 
88 3654 
89 3655 
90 3654 
91 3654 
92 3654 
93 3655 
94 3654 
95 3655 
96 3654 
97 3654 
98 3655 
99 3655 
100 3655 
101 3654 
102 3654 
103 3654 
104 3653 
105 3654 
106 3654 
107 3654 
108 3655 
109 3654 
110 3654 
111 3654 
112 3655 
113 3654 
114 3654 
115 3654 
116 3655 
117 3655 
118 3655 
119 3654 
120 3654 
121 3654 
122 3654 
123 3654 
124 3654 
125 3654 
126 3655 
127 3654 
128 3654 
129 3654 
130 3654 
131 3655 
132 3654 
133 3654 
134 3655 
135 3654 
136 3655 
137 3655 
138 3654 
139 3655 
140 3654 
141 3654 
142 3654 
143 3654 
144 3654 
145 3654 
146 3654 
147 3654 
148 3654 
149 3654 
150 3655 
151 3654 
152 3654 
153 3654 
154 3654 
155 3654 
156 3654 
157 3654 
158 3654 
159 3654 
160 3654 
161 3655 
162 3654 
163 3654 
164 3654 
165 3654 
166 3654 
167 3654 
168 3654 
169 3654 
170 3654 
171 3654 
172 3654 
173 3655 
174 3654 
175 3654 
176 3654 
177 3654 
178 3655 
179 3654 
180 3654 
181 3655 
182 3655 
183 3655 
184 3654 
185 3655 
186 3654 
187 3655 
188 3654 
189 3654 
190 3655 
191 3654 
192 3654 
193 3654 
194 3654 
195 3654 
196 3654 
197 3655 
198 3654 
199 3654 
200 3655 
201 3654 
202 3654 
203 3654 
204 3654 
205 3654 
206 3654 
207 3654 
208 3654 
209 3655 
210 3654 
211 3654 
212 3654 
213 3654 
214 3654 
215 3654 
216 3654 
217 3654 
218 3654 
219 3654 
220 3654 
221 3654 
222 3654 
223 3654 
224 3654 
225 3654 
226 3654 
227 3654 
228 3654 
229 3654 
230 3654 
231 3654 
232 3654 
233 3654 
234 3655 
235 3654 
236 3654 
237 3654 
238 3654 
239 3654 
240 3654 
241 3654 
242 3655 
243 3654 
244 3654 
245 3654 
246 3654 
247 3655 
248 3654 
249 3653 
250 3654 
251 3654 
252 3654 
253 3654 
254 3654 
255 3654 
256 3654 
257 3654 
258 3653 
259 3654 
260 3654 
261 3654 
262 3654 
263 3654 
264 3654 
265 3654 
266 3655 
267 3654 
268 3654 
269 3654 
270 3654 
271 3654 
272 3655 
273 3654 
274 3655 
275 3654 
276 3654 
277 3654 
278 3654 
279 3654 
280 3655 
281 3654 
282 3654 
283 3654 
284 3654 
285 3654 
286 3653 
287 3654 
288 3654 
289 3654 
290 3654 
291 3654 
292 3654 
293 3654 
294 3654 
295 3654 
296 3654 
297 3654 
298 3654 
299 3654 
300 3654 
301 3654 
302 3654 
303 3654 
304 3655 
305 3654 
306 3654 
307 3654 
308 3653 
309 3654 
310 3654 
311 3654 
312 3654 
313 3654 
314 3654 
315 3654 
316 3654 
317 3654 
318 3654 
319 3654 
320 3654 
321 3654 
322 3654 
323 3654 
324 3654 
325 3654 
326 3654 
327 3655 
328 3654 
329 3654 
330 3654 
331 3654 
332 3654 
333 3655 
334 3654 
335 3654 
336 3654 
337 3654 
338 3654 
339 3654 
340 3654 
341 3654 
342 3653 
343 3654 
344 3654 
345 3654 
346 3654 
347 3655 
348 3654 
349 3654 
350 3655 
351 3654 
352 3654 
353 3654 
354 3653 
355 3654 
356 3654 
357 3654 
358 3655 
359 3654 
360 3654 
361 3654 
362 3654 
363 3654 
364 3654 
365 3654 
366 3654 
367 3654 
368 3655 
369 3655 
370 3654 
371 3654 
372 3654 
373 3654 
374 3654 
375 3654 
376 3655 
377 3654 
378 3654 
379 3654 
380 3653 
381 3654 
382 3654 
383 3654 
384 3654 
385 3654 
386 3654 
387 3654 
388 3654 
389 3654 
390 3654 
391 3654 
392 3654 
393 3654 
394 3654 
395 3654 
396 3654 
397 3653 
398 3654 
399 3654 
400 3654 
401 3654 
402 3654 
403 3654 
404 3654 
405 3654 
406 3654 
407 3654 
408 3654 
409 3653 
410 3654 
411 3654 
412 3654 
413 3654 
414 3654 
415 3654 
416 3654 
417 3654 
418 3653 
419 3654 
420 3654 
421 3654 
422 3654 
423 3654 
424 3654 
425 3654 
426 3655 
427 3654 
428 3654 
429 3654 
430 3654 
431 3654 
432 3654 
433 3654 
434 3654 
435 3654 
436 3654 
437 3654 
438 3654 
439 3654 
440 3654 
441 3654 
442 3654 
443 3654 
444 3654 
445 3654 
446 3654 
447 3654 
448 3654 
449 3654 
450 3654 
451 3654 
452 3654 
453 3654 
454 3654 
455 3654 
456 3654 
457 3654 
458 3654 
459 3654 
460 3655 
461 3654 
462 3654 
463 3653 
464 3654 
465 3654 
466 3655 
467 3654 
468 3654 
469 3654 
470 3654 
471 3654 
472 3654 
473 3654 
474 3654 
475 3654 
476 3654 
477 3654 
478 3654 
479 3654 
480 3654 
481 3654 
482 3654 
483 3654 
484 3654 
485 3654 
486 3654 
487 3654 
488 3654 
489 3654 
490 3654 
491 3654 
492 3654 
493 3654 
494 3654 
495 3655 
496 3654 
497 3654 
498 3654 
499 3654 
500 3654 
