1 3842 
2 3842 
3 3842 
4 3843 
5 3843 
6 3843 
7 3842 
8 3842 
9 3842 
10 3842 
11 3843 
12 3842 
13 3842 
14 3842 
15 3842 
16 3843 
17 3842 
18 3842 
19 3843 
20 3842 
21 3843 
22 3843 
23 3842 
24 3842 
25 3842 
26 3843 
27 3842 
28 3843 
29 3842 
30 3842 
31 3843 
32 3842 
33 3843 
34 3842 
35 3843 
36 3842 
37 3842 
38 3842 
39 3842 
40 3843 
41 3842 
42 3842 
43 3842 
44 3842 
45 3842 
46 3842 
47 3842 
48 3843 
49 3842 
50 3842 
51 3843 
52 3842 
53 3842 
54 3842 
55 3842 
56 3843 
57 3843 
58 3842 
59 3843 
60 3843 
61 3843 
62 3842 
63 3843 
64 3842 
65 3843 
66 3843 
67 3843 
68 3843 
69 3843 
70 3843 
71 3842 
72 3842 
73 3843 
74 3842 
75 3843 
76 3843 
77 3843 
78 3842 
79 3842 
80 3842 
81 3842 
82 3843 
83 3843 
84 3843 
85 3843 
86 3843 
87 3842 
88 3842 
89 3842 
90 3843 
91 3842 
92 3843 
93 3843 
94 3843 
95 3842 
96 3842 
97 3842 
98 3843 
99 3842 
100 3842 
101 3843 
102 3842 
103 3843 
104 3842 
105 3842 
106 3842 
107 3842 
108 3842 
109 3842 
110 3842 
111 3842 
112 3842 
113 3843 
114 3843 
115 3843 
116 3843 
117 3842 
118 3843 
119 3842 
120 3842 
121 3842 
122 3843 
123 3842 
124 3842 
125 3842 
126 3843 
127 3843 
128 3843 
129 3843 
130 3842 
131 3842 
132 3842 
133 3842 
134 3842 
135 3842 
136 3843 
137 3842 
138 3842 
139 3842 
140 3842 
141 3843 
142 3842 
143 3843 
144 3842 
145 3842 
146 3843 
147 3842 
148 3842 
149 3842 
150 3843 
151 3842 
152 3843 
153 3843 
154 3843 
155 3843 
156 3843 
157 3843 
158 3843 
159 3842 
160 3842 
161 3842 
162 3842 
163 3843 
164 3842 
165 3843 
166 3843 
167 3842 
168 3843 
169 3843 
170 3842 
171 3842 
172 3843 
173 3843 
174 3843 
175 3842 
176 3842 
177 3842 
178 3842 
179 3842 
180 3843 
181 3842 
182 3843 
183 3842 
184 3842 
185 3842 
186 3842 
187 3842 
188 3842 
189 3842 
190 3842 
191 3842 
192 3842 
193 3843 
194 3842 
195 3842 
196 3843 
197 3843 
198 3842 
199 3842 
200 3843 
201 3843 
202 3842 
203 3842 
204 3843 
205 3842 
206 3842 
207 3843 
208 3842 
209 3842 
210 3843 
211 3842 
212 3843 
213 3842 
214 3843 
215 3842 
216 3842 
217 3842 
218 3842 
219 3843 
220 3842 
221 3842 
222 3842 
223 3842 
224 3842 
225 3843 
226 3842 
227 3842 
228 3842 
229 3843 
230 3843 
231 3843 
232 3842 
233 3843 
234 3842 
235 3843 
236 3842 
237 3843 
238 3842 
239 3842 
240 3842 
241 3842 
242 3843 
243 3843 
244 3843 
245 3842 
246 3842 
247 3843 
248 3843 
249 3843 
250 3842 
251 3843 
252 3843 
253 3842 
254 3842 
255 3842 
256 3842 
257 3842 
258 3842 
259 3842 
260 3842 
261 3842 
262 3842 
263 3842 
264 3843 
265 3842 
266 3843 
267 3843 
268 3843 
269 3843 
270 3842 
271 3842 
272 3842 
273 3843 
274 3842 
275 3842 
276 3843 
277 3842 
278 3843 
279 3842 
280 3842 
281 3842 
282 3842 
283 3842 
284 3843 
285 3842 
286 3843 
287 3843 
288 3842 
289 3842 
290 3842 
291 3843 
292 3842 
293 3843 
294 3842 
295 3842 
296 3842 
297 3842 
298 3842 
299 3842 
300 3842 
301 3842 
302 3842 
303 3842 
304 3843 
305 3843 
306 3842 
307 3842 
308 3842 
309 3843 
310 3843 
311 3842 
312 3842 
313 3842 
314 3843 
315 3842 
316 3843 
317 3842 
318 3842 
319 3843 
320 3842 
321 3842 
322 3843 
323 3843 
324 3843 
325 3842 
326 3842 
327 3842 
328 3842 
329 3842 
330 3842 
331 3842 
332 3842 
333 3843 
334 3842 
335 3843 
336 3843 
337 3842 
338 3842 
339 3842 
340 3842 
341 3842 
342 3843 
343 3843 
344 3842 
345 3843 
346 3842 
347 3842 
348 3842 
349 3842 
350 3842 
351 3842 
352 3842 
353 3843 
354 3842 
355 3842 
356 3842 
357 3842 
358 3842 
359 3842 
360 3842 
361 3842 
362 3842 
363 3843 
364 3842 
365 3842 
366 3843 
367 3842 
368 3842 
369 3843 
370 3843 
371 3842 
372 3842 
373 3842 
374 3842 
375 3842 
376 3842 
377 3842 
378 3842 
379 3843 
380 3843 
381 3842 
382 3843 
383 3842 
384 3842 
385 3843 
386 3843 
387 3843 
388 3842 
389 3842 
390 3842 
391 3842 
392 3843 
393 3843 
394 3842 
395 3843 
396 3842 
397 3843 
398 3842 
399 3842 
400 3842 
401 3842 
402 3842 
403 3842 
404 3843 
405 3843 
406 3842 
407 3842 
408 3843 
409 3842 
410 3842 
411 3843 
412 3842 
413 3843 
414 3843 
415 3843 
416 3842 
417 3842 
418 3843 
419 3843 
420 3842 
421 3843 
422 3842 
423 3842 
424 3842 
425 3843 
426 3843 
427 3842 
428 3842 
429 3843 
430 3843 
431 3842 
432 3842 
433 3843 
434 3842 
435 3843 
436 3842 
437 3842 
438 3842 
439 3842 
440 3842 
441 3842 
442 3842 
443 3842 
444 3842 
445 3842 
446 3843 
447 3842 
448 3842 
449 3842 
450 3842 
451 3842 
452 3842 
453 3843 
454 3842 
455 3842 
456 3842 
457 3842 
458 3842 
459 3843 
460 3842 
461 3842 
462 3842 
463 3843 
464 3842 
465 3843 
466 3843 
467 3842 
468 3842 
469 3843 
470 3843 
471 3843 
472 3843 
473 3842 
474 3842 
475 3842 
476 3843 
477 3842 
478 3842 
479 3843 
480 3843 
481 3842 
482 3843 
483 3842 
484 3842 
485 3842 
486 3843 
487 3842 
488 3842 
489 3842 
490 3842 
491 3843 
492 3843 
493 3842 
494 3842 
495 3843 
496 3842 
497 3842 
498 3842 
499 3843 
500 3842 
