1 581 
2 581 
3 580 
4 581 
5 581 
6 581 
7 581 
8 581 
9 581 
10 581 
11 581 
12 581 
13 580 
14 580 
15 581 
16 581 
17 581 
18 580 
19 580 
20 581 
21 581 
22 580 
23 581 
24 580 
25 580 
26 580 
27 581 
28 581 
29 581 
30 581 
31 581 
32 581 
33 580 
34 581 
35 580 
36 580 
37 581 
38 581 
39 581 
40 581 
41 580 
42 581 
43 580 
44 580 
45 581 
46 580 
47 581 
48 581 
49 580 
50 580 
51 580 
52 581 
53 580 
54 581 
55 580 
56 581 
57 581 
58 581 
59 580 
60 581 
61 581 
62 581 
63 581 
64 581 
65 580 
66 580 
67 581 
68 580 
69 580 
70 580 
71 581 
72 581 
73 580 
74 581 
75 581 
76 581 
77 580 
78 581 
79 580 
80 581 
81 581 
82 581 
83 580 
84 581 
85 581 
86 581 
87 581 
88 581 
89 581 
90 581 
91 580 
92 581 
93 580 
94 580 
95 581 
96 581 
97 581 
98 580 
99 580 
100 581 
101 581 
102 581 
103 581 
104 580 
105 581 
106 581 
107 580 
108 581 
109 581 
110 581 
111 581 
112 581 
113 581 
114 581 
115 581 
116 580 
117 581 
118 581 
119 581 
120 581 
121 580 
122 581 
123 580 
124 581 
125 581 
126 581 
127 581 
128 580 
129 581 
130 581 
131 581 
132 581 
133 581 
134 581 
135 581 
136 580 
137 581 
138 581 
139 581 
140 581 
141 581 
142 580 
143 581 
144 581 
145 580 
146 581 
147 581 
148 581 
149 581 
150 580 
151 581 
152 580 
153 581 
154 581 
155 580 
156 580 
157 581 
158 581 
159 580 
160 580 
161 581 
162 580 
163 580 
164 581 
165 580 
166 581 
167 581 
168 581 
169 581 
170 580 
171 581 
172 580 
173 581 
174 581 
175 581 
176 581 
177 581 
178 581 
179 581 
180 581 
181 581 
182 581 
183 580 
184 581 
185 581 
186 580 
187 581 
188 581 
189 580 
190 581 
191 581 
192 580 
193 581 
194 581 
195 580 
196 581 
197 581 
198 580 
199 581 
200 581 
201 580 
202 581 
203 581 
204 581 
205 581 
206 581 
207 581 
208 581 
209 580 
210 581 
211 581 
212 581 
213 581 
214 581 
215 581 
216 581 
217 581 
218 581 
219 581 
220 581 
221 580 
222 581 
223 580 
224 580 
225 581 
226 581 
227 581 
228 581 
229 580 
230 581 
231 581 
232 581 
233 581 
234 581 
235 581 
236 580 
237 581 
238 581 
239 581 
240 581 
241 581 
242 581 
243 580 
244 581 
245 580 
246 581 
247 581 
248 581 
249 581 
250 580 
251 580 
252 581 
253 581 
254 580 
255 581 
256 580 
257 580 
258 581 
259 581 
260 581 
261 580 
262 581 
263 581 
264 580 
265 581 
266 580 
267 581 
268 581 
269 580 
270 581 
271 580 
272 580 
273 581 
274 581 
275 581 
276 581 
277 581 
278 580 
279 581 
280 580 
281 581 
282 581 
283 581 
284 581 
285 581 
286 581 
287 581 
288 581 
289 580 
290 580 
291 581 
292 581 
293 581 
294 580 
295 580 
296 581 
297 581 
298 581 
299 580 
300 580 
301 580 
302 581 
303 581 
304 581 
305 581 
306 580 
307 581 
308 580 
309 580 
310 581 
311 581 
312 580 
313 581 
314 581 
315 580 
316 581 
317 581 
318 580 
319 581 
320 580 
321 581 
322 581 
323 580 
324 580 
325 580 
326 580 
327 581 
328 581 
329 580 
330 580 
331 580 
332 581 
333 581 
334 581 
335 581 
336 580 
337 581 
338 581 
339 581 
340 581 
341 580 
342 581 
343 580 
344 581 
345 581 
346 581 
347 581 
348 581 
349 580 
350 581 
351 581 
352 580 
353 581 
354 580 
355 580 
356 581 
357 580 
358 581 
359 580 
360 580 
361 581 
362 580 
363 580 
364 581 
365 581 
366 581 
367 581 
368 581 
369 581 
370 580 
371 580 
372 580 
373 581 
374 581 
375 581 
376 581 
377 581 
378 580 
379 581 
380 581 
381 580 
382 581 
383 581 
384 580 
385 580 
386 580 
387 580 
388 581 
389 580 
390 581 
391 580 
392 581 
393 580 
394 580 
395 581 
396 581 
397 580 
398 580 
399 581 
400 581 
401 580 
402 581 
403 580 
404 581 
405 580 
406 581 
407 580 
408 581 
409 580 
410 580 
411 580 
412 581 
413 580 
414 581 
415 581 
416 581 
417 581 
418 581 
419 581 
420 581 
421 580 
422 581 
423 581 
424 581 
425 581 
426 580 
427 581 
428 581 
429 581 
430 581 
431 581 
432 581 
433 580 
434 581 
435 581 
436 580 
437 581 
438 581 
439 581 
440 581 
441 581 
442 580 
443 581 
444 581 
445 581 
446 581 
447 580 
448 580 
449 581 
450 580 
451 581 
452 581 
453 581 
454 581 
455 581 
456 580 
457 580 
458 580 
459 580 
460 581 
461 581 
462 580 
463 581 
464 580 
465 581 
466 580 
467 581 
468 581 
469 581 
470 580 
471 581 
472 580 
473 581 
474 580 
475 581 
476 581 
477 580 
478 581 
479 580 
480 581 
481 580 
482 580 
483 580 
484 581 
485 580 
486 580 
487 581 
488 581 
489 581 
490 581 
491 581 
492 581 
493 581 
494 580 
495 580 
496 580 
497 581 
498 581 
499 581 
500 581 
